4 10 8 28 14 19 43 
18 39 20 5 36 6 49 4 
16 30 17 27 18 15 31 50 26 
37 14 45 18 34 48 16 12 32 46 
13 22 28 4 2 40 6 18 11 34 5 
48 40 19 32 37 39 1 3 31 5 38 22 
26 50 34 9 21 31 1 25 33 32 42 11 44 
46 8 15 21 11 40 38 20 41 19 35 9 22 43 
31 5 38 49 3 29 20 9 32 2 22 36 40 27 46 
50 22 30 48 33 46 14 17 45 9 1 35 26 7 25 11 
16 29 11 5 7 46 1 50 42 27 43 12 39 13 37 40 44 
8 5 44 9 21 40 2 39 12 37 41 27 26 29 46 11 31 43 35 49 32 14 47 17 4 
36 44 48 33 45 24 39 15 38 6 10 28 4 21 27 13 46 23 12 20 42 37 49 47 1 29 16 26 18 25 41 17 50 2 31 3 22 19 9 43 40 7 34 14 32 8 30 11 5 35 
571 1066 448 2635 1188 378 2020 2733 2563 105 815 1753 1879 1360 2573 1959 2774 1520 1140 1214 2111 2627 235 2641 623 1981 2360 1410 1510 910 2421 961 280 1266 901 1135 2729 592 1835 935 1840 153 578 858 2238 1619 960 1599 502 911 751 1746 2561 2621 2381 2262 1811 918 792 1884 1007 1859 2165 1122 2328 2389 611 2335 2936 730 2482 756 1175 301 32 2815 2075 464 346 593 725 1975 577 1722 74 783 2898 981 2811 1762 1720 442 637 710 2455 278 1540 1829 1877 2247 2891 2758 655 559 2175 1236 2284 572 927 2935 2166 1362 2340 366 2475 1503 885 1224 2746 2995 1616 1320 2361 1847 1948 887 742 1967 2503 23 
2643 1600 223 178 366 1720 2293 618 1962 816 1966 1232 114 1878 388 431 158 948 2094 2788 1984 81 2259 370 2038 1578 1712 1801 260 788 727 201 2797 2538 433 649 295 1412 2147 1574 2986 107 1410 1839 331 664 935 772 897 2399 1214 1244 1425 2747 2422 2658 2352 2133 446 1739 2460 2415 1809 2079 2451 2762 1180 371 181 2894 215 2068 2606 2175 1727 2398 2447 340 557 1897 358 932 1584 2371 1970 2624 164 612 1393 1879 1320 1565 934 495 693 1231 1119 2795 2440 634 1328 635 1647 1760 2368 997 650 80 1553 1175 1656 2458 2188 465 833 1162 1896 68 2605 2342 2508 2924 1648 2512 2921 1535 257 2659 406 599 682 1329 1655 734 2646 368 426 1223 1863 1396 755 2947 1089 2957 1707 96 2845 1117 2737 2541 1399 2841 813 2266 1255 958 1216 2568 1275 2960 2507 607 1062 2249 2052 155 1772 211 72 2310 2662 980 50 222 1349 898 1621 429 2879 2700 2511 1957 77 2601 341 1619 842 733 2612 2369 2821 1704 2563 1078 1382 1379 477 783 963 2971 2316 686 1452 1510 1262 2742 2152 791 1046 577 2667 2613 2567 1811 2338 1791 1646 1139 1946 2820 2614 795 2963 1997 1114 1017 1194 1163 1636 2663 889 2710 1911 89 2764 2288 2885 321 2086 987 2765 921 2163 263 55 383 2435 6 2796 463 1641 2771 942 1919 309 695 248 2446 305 2488 789 1094 1983 2127 64 311 1204 53 2362 1882 479 2468 425 1606 2129 608 70 131 2469 2875 1091 863 723 1182 
1759 1888 2205 1459 300 2159 854 2517 451 309 95 2703 2533 1939 1383 2030 767 1236 348 2426 2079 2980 2601 1773 1643 811 366 1579 443 194 1479 1549 1232 2620 858 595 2203 2314 2464 850 1224 288 2720 944 2234 2666 1088 2688 1230 1695 1732 1833 1752 664 2078 287 1986 1000 2750 96 2608 2021 668 1469 1735 2229 1160 2881 2442 53 1196 2152 2 898 1361 496 479 291 2418 2487 2323 878 568 1796 2927 2198 310 313 1301 853 1734 505 2182 1726 2602 2304 2172 2979 2481 1727 594 2049 1431 2142 2095 808 2144 2410 691 2120 1100 2420 2136 441 2472 1957 2806 269 357 2638 488 2128 2037 483 1226 1680 137 596 45 711 16 2437 1029 708 1416 2769 552 1261 2605 2063 2223 2851 622 183 1997 497 2762 365 1584 2212 2609 2590 1917 2879 168 2882 294 1175 2360 1640 201 2977 2805 359 1613 874 2018 1559 1875 2797 1516 74 14 1757 1343 934 558 2408 1541 859 46 685 277 1181 2615 353 2861 2939 1180 2562 267 2209 83 2564 2409 2060 1127 1588 1730 970 1316 888 778 2343 576 418 98 2542 2493 1170 1741 2100 324 2863 1228 2887 629 1853 2676 2255 2394 2028 1112 2000 917 2779 1818 1755 2883 890 106 601 214 2153 2239 1020 125 1884 968 1189 1208 1078 2904 2488 454 2010 102 2719 2140 721 935 2094 2910 2452 221 2087 1009 2117 1615 444 1846 1083 204 1520 919 1021 2933 1357 632 1791 1070 1871 212 1712 2111 2814 1395 1319 319 2121 1118 2484 1077 1862 2788 2224 1557 24 1495 774 537 2689 339 1274 1646 1048 170 345 927 2366 2625 209 215 1091 1522 2733 1896 42 1262 1210 800 1045 2302 2729 2901 2515 2584 2541 1840 2667 405 2165 590 1024 2628 969 2673 416 2274 2653 1855 2047 275 911 379 2645 1719 2287 2257 1555 1764 1950 2289 2456 994 2327 1150 755 129 1614 2791 2832 100 2950 2579 2006 1666 402 760 253 1393 1587 730 1513 729 295 2033 2137 654 810 1909 1673 740 2206 1551 2220 503 2678 814 1109 2807 574 1566 2316 2288 819 158 2829 1966 1778 2885 316 580 2102 2554 894 674 1358 2764 650 457 1424 67 211 667 131 117 2175 920 2763 172 1649 1199 2390 2914 344 87 1942 633 884 165 2540 2603 873 311 700 895 906 411 262 648 2959 1993 2855 2236 2146 2348 602 1739 656 191 30 1526 2911 2786 1002 1868 2563 1662 1740 2774 712 1011 
1496 950 1719 486 1436 2245 397 231 515 2788 2871 1379 260 2248 640 2075 2354 425 1046 2787 777 2722 2536 2715 1106 1026 2885 254 919 1402 931 1489 2477 1280 1832 2595 1113 20 2277 2146 769 2614 2450 1596 2462 1206 747 2292 2947 662 1088 33 1167 2147 2333 2381 842 1967 732 1255 1933 2739 2004 1304 674 692 707 2732 1226 1221 2744 1995 763 1169 107 1820 2888 825 2023 1670 629 2360 1512 1763 2537 2194 1081 2978 1503 859 670 2785 1835 708 2997 1619 1581 2424 1112 1486 2741 1149 1673 560 791 283 658 939 1836 2540 1462 507 558 2195 460 816 1727 100 930 1352 1470 2846 1170 1591 1736 2928 927 1776 2552 1712 2682 2154 2280 2128 1283 587 1198 612 765 742 839 2791 2984 2295 581 1908 463 1091 654 2159 2514 1023 2391 2102 2922 968 2513 2848 1456 1447 1331 834 2315 1606 133 148 200 724 2464 2190 1627 55 2539 1707 2209 2765 1158 1540 1614 1595 2814 298 2746 2037 1710 2003 532 2748 310 2626 649 46 1174 2721 1668 2054 14 1001 29 2081 744 407 2723 585 1620 2859 45 1948 1403 785 1278 712 1494 2798 1560 369 862 272 1328 433 1778 2489 1327 719 1991 1950 1412 1406 2488 58 1774 165 2235 514 1966 855 596 493 2995 287 553 963 115 167 2940 934 439 389 1675 446 2512 954 2236 171 2609 1282 2869 1007 1429 2419 720 801 1732 1513 2140 2659 896 378 409 2707 1574 2120 69 2644 2505 1152 1666 1452 1511 673 2493 1880 893 1202 2937 599 68 2376 1850 1315 589 2253 2657 2414 212 286 1230 1118 2411 1621 783 1229 689 243 1516 1322 1109 1467 789 1298 2551 2900 2142 1647 550 1861 382 926 1257 13 1330 1125 2622 1387 2192 904 1910 684 2773 622 1216 1266 2661 2074 418 2996 1770 1641 2649 1938 2022 2680 1376 1855 2051 377 1816 1105 2921 2840 1822 2605 1728 404 2807 2100 2467 542 2375 2364 1686 966 334 936 2412 1471 96 229 8 2956 2107 2458 333 495 2073 2114 2287 841 2326 1790 1035 2676 1225 2583 2743 1773 1998 973 169 1306 1687 778 1313 421 1435 1802 890 2580 1743 2740 655 361 1856 2799 253 1176 363 524 682 671 2831 2491 1759 2199 1275 2898 2255 1692 2495 2872 2406 824 1120 1136 2816 891 1651 2064 2301 2044 1593 756 56 571 134 422 375 2856 2981 835 2216 1453 1141 875 561 488 522 2675 805 1656 2183 210 1153 1834 808 350 738 2948 2284 98 2377 2706 2734 1772 1787 1810 2861 87 1907 794 2098 2851 1891 2899 1986 1407 393 1492 608 2404 1615 1343 1108 349 83 2321 2010 2841 494 2480 2598 108 921 2618 1454 1634 2193 2289 1249 630 
2677 2205 153 2014 1034 302 2235 138 56 814 2438 2160 694 2895 1266 1056 2586 2533 2905 1732 240 2497 2129 2056 1525 2698 74 2953 1745 2166 66 2759 556 91 625 1623 2037 902 1576 937 2112 2008 2719 1040 558 757 2117 2408 2875 1363 1243 184 991 406 2616 1674 1535 940 2810 640 462 1452 1984 2559 2386 536 519 2283 2384 408 1352 2602 1681 2399 2576 2514 2944 2655 442 1992 669 1262 2173 2910 115 1549 1503 2327 846 2612 1925 2194 1257 859 1860 2196 962 2021 2103 236 2621 1190 1171 2768 947 1957 972 162 2568 2026 683 2476 1899 1451 2397 44 2884 2894 817 363 1375 423 2701 268 1760 1052 2238 468 1371 582 2110 951 513 2856 1203 2798 2359 2177 1337 2052 1656 1931 794 1115 1117 1864 750 189 710 2048 712 1633 939 1395 2444 342 440 2051 1683 752 1672 1300 1383 549 795 49 564 46 2414 418 434 2653 666 1694 1291 279 336 1663 2990 2001 501 1795 2335 1208 16 1244 1018 932 2472 1166 232 1502 905 2265 1213 1512 183 216 2387 461 1471 1673 2536 853 1169 1863 223 34 632 120 1267 2108 1910 470 1183 2191 1939 544 986 1790 1194 2137 77 644 280 2793 2909 2803 352 6 1162 2977 1176 2866 533 69 1078 202 1774 1186 2082 792 1234 1725 245 86 1918 1499 1315 2753 2722 1630 1458 188 2145 1460 1332 910 1413 2681 2951 2113 1624 611 1356 1092 1835 1081 979 2837 1572 2610 2270 2980 2494 769 1039 2076 1802 516 907 1462 1764 520 1999 193 655 1422 850 1466 881 1219 2392 1759 2861 606 2787 481 225 731 1305 1007 2671 840 1074 145 221 2711 2195 2375 2649 2176 2806 1036 1013 1137 131 1826 263 919 1087 2819 2946 1130 856 2323 2354 998 194 200 1719 883 2452 981 2541 2984 85 512 2519 2025 1812 2716 1128 2755 1030 42 101 2878 1521 1199 1870 773 953 1091 399 458 626 514 2650 1867 413 704 1418 315 5 2527 2061 844 2899 1548 797 988 1249 949 1723 1288 369 60 2764 190 2178 1493 596 1889 491 635 1728 2645 2892 527 2543 2068 1796 1057 2239 1410 1280 1550 751 955 416 754 672 449 2956 2674 1903 247 2839 2424 477 2421 1703 1781 435 865 1895 2628 1215 1180 1453 2503 2762 2241 411 649 565 276 2154 2955 1416 2090 1949 2948 2688 2624 1406 847 116 1428 2741 293 690 2678 1353 952 2035 1361 113 1228 2660 110 2447 400 889 997 617 2396 1575 297 2636 45 2210 241 2245 1109 1397 1647 2880 869 1912 502 2000 2920 1865 327 1132 800 1748 2206 419 1351 2727 274 1149 2189 1518 1968 2885 1014 804 2116 2670 1417 2485 1233 1582 1533 2363 2606 2216 2589 1929 1478 1067 2230 2114 2772 724 1155 1241 1751 1104 1077 2467 396 2340 2997 2685 135 2619 886 2834 323 816 2734 2111 930 181 1485 1314 890 1611 1729 2121 87 2315 2429 643 1566 118 1713 1901 2760 266 2433 2846 393 2505 2360 2746 489 2988 282 298 1545 2794 2290 2607 2019 2968 1563 506 219 1123 1825 102 2745 1490 876 676 772 2441 2623 2274 1654 111 1797 370 1966 1111 1157 848 2451 2316 682 610 311 1141 1433 2077 2457 2599 372 2970 2466 1943 2864 735 1587 670 2102 1704 284 1778 634 521 2509 2709 2581 291 2232 2577 2208 173 2609 1850 43 1072 154 1885 2603 1775 2089 660 2718 2285 2999 2159 1715 871 2757 2605 439 1837 2460 1002 2850 2802 1890 2032 1152 2849 2889 2522 2608 1224 2627 2197 1720 1953 2325 1236 760 1086 2072 2791 2167 1504 358 1470 1577 602 2901 1349 1680 534 1883 509 1998 2982 1147 1993 2163 2218 2045 2826 2860 341 1026 2288 652 781 2013 1792 2583 1940 2138 653 1841 718 1165 290 2127 2125 511 733 150 2614 2593 802 1054 474 2403 803 2604 2311 471 894 121 1578 2691 528 2267 954 1178 1071 823 1829 1114 699 177 654 2693 1327 460 27 2067 2023 2618 1389 2571 1010 2324 1905 1331 619 300 1727 2030 2175 661 244 2957 165 1116 2439 720 2468 2872 2391 2455 1558 1509 2574 2084 612 2412 1339 140 2005 1857 212 861 1538 1941 2474 911 130 1784 1047 1589 3 438 1429 2106 2699 2174 1505 2031 2155 170 1006 357 887 1426 1662 1808 2567 2136 1756 2480 205 2587 1427 305 2406 2848 2682 1362 1431 1971 2074 989 2790 1734 2342 2078 1682 1574 1210 1488 2169 94 316 1378 2244 2613 1031 2700 2893 375 230 1649 1693 2081 1346 621 2672 2332 2469 898 1938 1366 198 736 2971 1537 256 1094 728 1743 2054 929 21 308 157 2156 2673 2242 2869 1055 
962 2750 1613 252 1713 2746 2084 1912 94 293 2504 2774 2193 2278 39 953 811 860 2269 360 1515 2197 2129 2245 2683 1908 2788 2255 638 777 1753 1987 696 577 1146 2645 462 2281 306 1312 2569 633 1074 1103 1679 363 2080 2639 1161 2211 1683 1850 1803 1284 2213 2357 206 1108 2969 1500 1313 2450 335 863 754 1557 2021 2848 1766 2272 2649 1841 2826 641 1769 1248 590 423 2570 2695 355 2914 2475 1395 1059 2246 398 2800 258 2582 1107 1574 769 2930 2273 1255 337 2515 1393 2352 294 2516 2927 1300 2469 1468 2236 2610 613 1774 1858 412 2997 2390 54 1210 1830 873 836 757 144 1099 2339 1597 357 1111 2496 1848 539 1388 502 2874 2795 1929 247 2964 781 833 1135 736 2467 759 1977 2976 1594 2853 1895 1351 857 2963 2629 935 2046 2216 2501 1237 2393 2980 2410 618 1993 1854 1454 2058 2094 619 2687 1065 2270 1025 1440 313 849 1306 1437 1240 1608 2891 780 282 1524 2243 150 2064 2320 2663 2730 2682 2821 2097 949 2656 2140 1361 2912 383 1823 214 1219 1353 810 2867 2581 2984 1134 677 1846 1989 1118 1783 57 2502 1805 1643 443 2668 2252 1183 745 1889 309 2638 1703 593 1818 348 2858 2651 1945 1965 2699 1609 2336 1401 2959 2503 1162 1350 727 2615 454 1189 1925 1394 1891 1876 328 994 2669 1169 952 1308 2017 1691 1041 726 2618 2928 521 9 341 2099 2476 2716 1019 2671 611 74 2948 522 2368 64 1532 2244 594 1839 2741 847 695 1014 2659 2306 1221 1533 1411 36 999 2499 874 2940 714 1840 2158 1547 1552 624 1880 1950 1363 2667 932 2083 2790 352 2986 983 447 339 2397 1173 1462 434 1174 879 508 238 2422 194 2531 985 2355 2691 1051 251 1281 699 2291 1935 1800 199 2717 1387 122 2592 399 81 2325 620 668 2498 2739 1492 534 1826 526 1539 888 338 968 340 1113 1512 369 1767 947 2053 2460 2019 2680 2163 2443 2403 2856 2899 1466 2753 111 472 384 2458 601 1017 1865 1768 971 734 2374 2616 2106 1286 1121 2722 1631 1402 2491 2885 1969 841 2307 151 532 2803 1156 2432 924 2363 1639 1433 130 1667 1274 554 2490 690 798 2036 2309 2178 2110 893 1982 1303 2942 1554 195 87 2807 1999 2985 1458 1293 2714 1705 478 989 1273 918 1857 1809 1964 1592 578 2041 136 2690 1981 1498 1470 479 1725 1164 730 1491 1005 2361 1553 2421 2911 49 908 2931 740 1152 1545 917 529 2232 2557 1633 2360 2897 837 424 300 683 266 1238 927 779 1520 544 2170 2539 1603 1968 742 698 2348 441 808 20 1572 2919 1610 1021 1365 2880 2234 685 2416 728 2371 278 305 2419 2866 723 2091 176 186 2621 1304 448 790 1824 1562 839 1709 2114 1104 2385 1376 453 281 419 2600 1050 2510 1013 1819 421 1778 658 1642 1534 2366 1749 1144 572 1243 2335 2879 1316 2822 1318 2074 2030 1028 2327 1797 1047 2813 1586 2431 1813 1995 458 691 2362 2838 2372 2209 250 218 2545 2946 1911 117 2481 2865 2589 1323 2878 2494 2624 1208 1279 1660 1482 1658 1579 2267 2165 2463 2888 2887 374 749 1368 1632 2039 1315 722 1651 2478 2100 1899 2051 1745 921 2437 2839 615 2310 2825 721 1007 1325 755 2457 1618 2882 1793 665 1205 2079 10 588 2784 2632 2729 1151 65 1817 2675 413 680 733 256 535 651 581 868 2513 2580 1777 2471 161 1085 1624 1087 253 741 137 592 2511 2008 1517 2477 1991 573 366 1473 965 2392 405 2139 1472 2260 2744 517 1079 1046 864 1003 1870 63 2902 1311 884 1008 2160 2781 2006 919 142 1936 782 198 33 236 1973 2022 540 2676 895 2709 2358 2279 813 2172 1381 712 820 2949 1291 1752 16 855 1673 1195 1071 2042 1285 1795 2797 920 2253 167 2151 509 1506 1863 2219 2507 365 2890 2239 2702 2533 297 1223 689 861 230 981 846 1944 587 187 1972 1971 1961 1799 1915 1345 2264 2195 2482 41 662 274 1422 2614 566 1241 2060 1192 178 2922 632 2226 2819 954 1165 1094 131 2187 2070 1314 245 362 1078 1194 317 50 2517 1228 1937 1612 797 1081 2745 2343 1733 559 1580 1010 1696 2223 1600 2681 844 2872 1543 409 1674 183 585 96 2857 719 1093 2367 2538 463 637 2835 1256 2203 2754 2384 2295 1211 2792 926 397 1720 1843 2302 987 1884 1860 61 2185 2288 2524 460 1427 2485 1136 1754 2765 1511 516 791 713 2864 98 2978 2107 375 71 1916 1023 876 1837 1204 1909 182 549 261 1063 174 1417 280 100 2088 1233 28 1026 1802 708 1102 854 1601 2936 718 909 2939 1139 675 1124 2756 1746 1235 1975 2047 2313 2688 1106 792 2104 1310 465 222 1400 477 1430 768 1719 2435 2955 2217 524 1435 805 2693 1988 631 609 812 2411 1938 2962 980 1265 476 743 571 1694 2740 2037 1086 1039 724 938 2561 2977 2405 2258 1636 1236 1775 283 44 964 2237 786 2793 2758 2388 2830 416 138 2489 2627 583 1070 2583 2398 2710 273 1629 379 53 1322 2509 1666 1792 1425 1921 1784 235 1396 1215 255 2171 2590 2658 2766 872 2598 2578 616 2452 1372 1455 2400 2212 528 1180 806 2162 2137 929 1002 1984 1116 950 2786 1979 425 1477 2 966 2761 2698 125 2640 536 1084 2182 115 1123 1283 1714 830 751 1700 378 2285 2181 2493 796 1138 2101 1970 2783 101 307 1736 2776 1559 1931 298 3 1655 2227 216 
854 432 1286 1875 1700 2439 547 273 1351 2414 476 567 1368 31 916 1752 102 689 55 463 1234 318 2905 1165 2885 1260 738 1336 445 2458 1081 483 2956 575 229 1191 987 379 1131 2930 2593 2717 904 1671 669 1751 331 531 2372 2977 571 2043 140 49 1329 2297 1800 1019 122 2913 558 2014 333 1609 176 216 495 1218 1413 1827 544 1162 292 313 1595 461 905 341 1040 1099 763 2096 1096 1016 1846 911 1926 1610 2539 643 2772 177 2755 2041 1851 801 586 329 1158 357 2436 555 942 2998 1119 539 1947 2791 2429 194 1518 935 2077 296 1803 2554 1429 213 2491 1314 534 37 2247 2087 2 2779 2935 1634 9 280 87 1454 2700 1410 2800 1969 2606 1195 633 986 2754 2668 1865 1327 2024 912 5 2948 2914 413 1267 2600 1360 1239 1902 714 2428 2780 902 2850 2496 1375 1102 620 2824 369 2502 971 141 1749 182 937 517 397 1973 1378 1982 2018 67 110 398 1972 1736 1536 1226 366 420 233 2288 998 2990 1068 1869 112 1953 1917 374 860 778 1365 1363 2108 2592 61 3000 2848 707 1879 2558 1794 2482 19 2050 2160 2846 634 1818 604 2821 2829 197 1244 2873 1403 2807 809 8 2406 78 2646 219 1189 2184 315 1318 2768 2985 2381 1741 2409 2918 2489 1530 2180 2575 2395 2611 708 1197 2951 1659 1123 2866 1836 1517 402 1237 1330 2739 2524 2758 2023 1577 1909 2897 1573 2640 849 805 668 1728 203 2610 40 980 1866 1338 1746 2307 81 179 2240 664 1867 808 1230 2373 2485 2738 206 1899 1933 570 2011 1934 2397 2183 114 1136 1488 2380 2559 501 524 104 1077 2980 2463 2349 1290 679 2818 1361 2019 2053 744 723 1219 574 677 1742 722 2580 208 344 1692 1054 1265 2960 490 2847 830 1303 1701 1433 941 792 748 1734 1753 2359 2854 882 1238 205 2293 1262 2939 2642 648 1080 1463 2251 1540 1028 2644 1778 2981 2418 1507 276 1045 621 1108 1214 139 1528 756 2709 981 2924 1126 38 365 2054 516 777 1420 481 598 2215 592 1941 375 1376 2003 1388 1434 829 1775 1147 2036 2667 736 2313 2302 1940 803 200 1754 46 511 2488 1921 2518 2813 1637 1641 2407 458 1694 1122 1198 2322 2954 1316 776 1544 2786 1906 2246 2268 812 697 587 551 527 2649 919 861 1346 765 446 1864 2171 504 691 1451 1967 2058 726 404 242 1765 1274 639 2457 2419 111 185 2568 1780 1533 1682 401 2187 1840 2959 2978 2038 3 2471 2819 1412 1810 1841 2904 2102 2521 151 2276 836 1863 2340 343 1411 993 873 896 1663 346 319 1629 719 418 498 1583 1521 1366 2400 98 1500 1170 274 2986 2553 1044 891 1120 1312 2765 1705 1173 997 1815 1005 1317 1295 68 1961 2042 2393 552 2787 334 244 1194 2233 1965 11 2656 840 2178 2432 2686 2909 187 256 180 1253 2942 863 2350 74 761 1984 1774 1976 1627 1333 1668 862 875 450 2494 491 2443 1437 2874 1561 2586 1651 2434 25 1149 813 449 2987 2526 1727 1087 1400 2955 2454 591 1964 1988 1485 1132 2384 2256 662 307 2437 2026 1180 35 949 294 601 2294 2968 505 2245 2309 724 1695 466 2174 2719 884 632 121 2425 2757 2810 193 66 2211 1455 1842 1619 2746 573 411 1844 715 1991 460 698 657 507 518 1297 342 12 2296 1697 868 823 2056 584 2618 2071 2514 2934 1594 1228 2703 2555 1636 613 1428 2630 2227 2658 746 2841 1783 412 1724 1680 729 1479 484 309 1188 1748 2226 2748 103 1138 1618 1221 2062 1956 851 2492 1344 2059 386 907 240 1920 543 2531 1064 1392 947 685 1010 2032 1677 2478 1444 424 338 897 595 1975 453 1407 928 588 554 32 2571 654 2567 2508 1911 2218 658 336 95 1632 1287 1152 2364 2015 2608 2467 1371 1359 2497 782 2222 2584 1404 850 2585 1711 1372 1161 713 21 390 807 2812 2647 1548 321 629 300 2973 1491 2459 448 2479 297 478 1401 673 1349 89 28 2095 474 1552 2057 33 2775 733 1805 2530 2280 1830 2984 2153 2982 2135 2070 655 1249 1981 1121 2799 2792 1282 2507 1769 265 2691 381 134 1558 1556 196 647 927 2422 671 842 2127 2945 1396 1717 1885 2522 787 1090 2943 780 1862 1301 2051 1013 201 2122 2638 2596 695 716 1039 2563 2021 739 990 2132 494 363 26 751 1912 2637 2634 1275 2974 2742 489 2129 1519 1266 1210 159 1814 833 1168 2310 1379 1341 2195 2685 1326 1357 2725 36 82 253 1708 2493 2759 2324 2936 1124 2361 2715 199 2864 963 2315 846 1878 2880 1900 2304 172 2712 847 2529 2347 631 2912 1914 2483 1514 1308 1884 2626 1683 953 638 1053 1811 1710 1712 1113 1406 2217 711 2777 1024 920 371 1585 169 2115 910 600 538 2878 2106 675 2097 94 1097 1877 900 436 2549 2303 939 2814 2121 2221 2047 2926 976 1572 964 1738 908 1355 943 2495 2512 820 2763 2308 1179 388 2448 2648 44 2730 1292 1793 1167 2797 602 2378 1568 2688 2525 1018 933 2962 1277 2068 2317 663 192 2556 2257 1790 580 2906 1370 2067 1508 2205 2055 1354 1086 440 340 2377 513 361 785 2335 2170 955 832 1647 2000 2744 220 312 1106 1872 1745 2072 417 2093 2235 472 2706 2325 701 285 1537 2466 2625 2374 254 2013 948 1771 1088 2552 355 2860 1725 1232 1853 2468 470 2145 1670 2708 2689 845 2605 2363 2447 370 1903 1389 1503 1419 2994 1960 954 1117 1731 1796 2252 2859 1819 1405 1163 2101 1928 1977 2345 2475 1298 2277 686 772 2119 1356 1944 2263 599 1580 1781 410 487 2770 819 1907 1606 1554 237 2156 581 2545 2162 1324 1457 2760 63 822 1776 1008 2270 2376 1426 2872 979 661 749 1784 2677 768 951 1431 1477 2505 2664 867 2993 1562 1114 1490 302 1630 1782 2045 1565 2871 1859 757 880 541 959 2321 2088 1801 356 817 2988 2201 1894 752 660 268 18 499 2877 2190 1847 510 564 2726 372 2613 1850 1007 1471 706 2124 1373 929 2433 2344 1505 1706 320 2120 1996 696 2417 2946 2082 2009 2198 791 132 674 2916 693 2561 583 1512 2816 1130 690 1553 735 585 2326 1399 788 1737 1217 1605 2358 2125 1679 1047 2863 1837 468 2465 415 1628 1144 1151 1385 2444 1245 56 590 1791 1100 1901 1017 1311 1233 1160 1639 1939 2490 2117 1523 2602 133 13 636 503 255 1549 1046 186 396 2893 1524 71 1802 506 2705 1726 614 2614 745 1288 887 225 347 1740 514 2464 217 770 2619 452 1557 2348 2654 2701 2248 2842 2811 1529 1425 2236 2533 2034 1169 234 1888 2354 2039 1223 1946 392 1578 406 2343 2681 1763 2891 1804 1112 1929 898 2027 282 2210 2241 2204 1193 2569 2798 725 641 183 2801 2073 1616 2574 1067 1624 1383 1968 956 1892 2159 2566 2538 2687 2747 209 1924 608 1304 1686 694 2790 502 316 2840 2286 1118 732 2169 250 120 2234 2958 786 2803 535 1496 651 79 1078 885 456 2694 1268 2333 462 1331 999 1714 2825 2769 2008 1280 1826 2196 1104 20 2669 1025 2557 1022 2833 2260 1806 717 1381 1848 1294 1235 257 1386 108 181 195 295 635 826 2090 2061 589 231 2404 1932 1713 211 2723 2963 1739 287 51 1334 1898 1439 2028 2083 1279 565 2446 260 1601 2207 930 1447 301 1534 938 6 2997 2785 1093 1285 2714 2104 477 1959 1566 1157 560 1300 39 1229 29 2389 2330 921 50 1247 2612 1023 2919 324 2565 377 1109 2103 1043 683 783 1785 2114 385 2858 1575 2537 1640 163 162 871 1495 1072 760 323 1732 1828 348 1041 2899 126 982 2598 877 1838 1735 1137 1089 2357 218 204 1723 2683 2721 2908 1133 387 2741 2511 709 1676 540 83 1591 407 1464 546 1854 1033 893 2650 2953 2311 1175 57 2921 2075 214 2239 2830 2224 2007 1394 1829 843 1674 2961 1808 2655 1070 2828 1063 2817 974 2420 2449 2805 1593 147 865 2929 2450 848 107 2161 1635 215 1200 2952 2702 235 2109 2915 1020 2112 426 1807 471 1347 1436 1384 922 1319 2229 1733 228 624 1128 154 556 2118 1820 2876 2189 2312 2595 1835 2017 512 1704 2541 769 443 1076 2826 405 835 226 1323 2255 311 630 2965 2707 1664 367 2225 1852 2621 1622 2290 299 1313 2445 1367 2572 2822 2782 2130 607 1026 625 2470 2165 2399 1284 1597 562 24 467 828 2673 164 2743 1148 918 637 1786 2392 895 2501 2633 2628 606 2172 2300 666 394 579 1231 433 841 2126 1986 2855 150 1547 2085 1646 2520 1320 2917 80 351 2301 2375 2318 1497 2710 2499 1492 1546 430 2069 2079 784 2273 
2451 2713 1274 1802 916 1601 1796 2990 1998 1747 2548 2232 493 1123 1205 326 1519 891 1983 260 2025 426 194 1699 176 2181 1231 1729 1392 1083 924 2673 1098 1482 2772 1771 2423 1715 2109 1857 23 2215 224 2322 2296 68 2433 1618 2205 1427 688 690 2116 1515 1063 2245 206 765 706 2013 2979 187 2933 729 979 1415 1499 875 1224 2563 1692 2115 1875 351 1366 1865 2748 1411 2064 1733 1714 1938 788 20 2538 1869 1693 678 1329 1823 1095 2736 1361 1408 1396 1462 1027 2571 2170 810 864 1639 2509 1309 2816 917 775 440 265 1343 1288 919 1797 1217 1043 1665 2846 109 1125 2589 2301 1749 972 380 2937 370 2358 2691 1311 262 2532 1077 1705 2767 1803 2749 67 167 2354 2384 2753 140 486 2698 2690 1128 835 1300 2557 2822 1495 2704 1390 758 2446 390 803 2239 134 1242 1233 2877 640 1882 585 1878 2899 133 2173 411 1243 2484 671 830 1573 901 1834 2307 446 2954 461 1625 1593 1116 2095 815 849 970 234 399 2889 77 1268 1844 839 2357 2130 401 2311 314 2457 826 408 2702 846 2627 1322 1308 274 1002 2778 2455 2339 1312 2692 1847 1895 2637 1362 1848 435 697 2403 2902 25 431 2564 1651 1583 1554 1127 155 2969 1216 104 1568 544 2066 2594 1881 625 1614 2010 382 925 774 1304 1094 2622 912 1839 1565 2491 570 2739 1777 157 1718 1291 2911 663 122 1575 1853 1942 1854 564 45 1619 1658 574 1661 449 2908 1725 1423 2309 233 2836 7 2468 1138 2543 1988 2044 2492 344 1977 2285 2270 2828 1962 1099 1241 1179 1157 962 1605 524 589 1582 2912 1320 1586 941 2269 1819 1779 417 833 1514 2870 824 878 850 734 946 482 1367 2535 1522 1042 110 1744 2465 2043 362 1251 2052 1746 755 718 1745 2260 1659 86 1652 1337 1800 657 1068 318 728 1146 2988 41 59 2350 1045 616 2226 2320 2751 1955 1946 269 2363 1906 1557 1145 2857 1970 1109 2617 1960 2610 2335 131 1451 2897 277 2177 355 2593 24 696 2061 1176 275 2504 2494 784 1792 2272 1816 3000 2277 847 1349 481 201 796 1044 1374 2458 1049 2029 2750 312 2240 1754 2135 2027 895 2506 1624 2656 720 494 1167 2263 1333 568 2959 1713 1504 2081 1433 711 2540 2138 859 2364 2968 1689 1913 1245 798 1086 800 427 2584 548 1017 2199 273 2950 502 264 582 1223 2823 2261 1935 887 117 2316 647 1780 1979 246 2019 9 2858 386 1303 83 770 320 57 2608 2489 659 2291 1638 2895 2674 49 1953 289 1716 1110 1375 628 2069 857 1549 1119 208 952 1060 168 2122 1360 1256 2111 471 904 137 94 2150 1021 1029 2434 2780 2068 595 2845 2334 1623 2785 1761 453 325 165 588 1246 2518 363 832 2383 342 1561 2553 709 1180 519 1126 2906 2074 447 2508 1111 100 2256 695 2791 1200 2585 2662 651 655 571 1407 2051 2813 555 829 2055 2546 607 1941 627 1717 1196 423 1842 665 2284 2152 450 2007 2141 1855 2615 1743 2308 2229 1348 2628 149 8 2799 2660 55 1645 809 2420 101 239 2721 2722 611 288 14 741 1131 263 2614 1904 2183 2443 283 2131 823 292 2665 993 2373 1976 2631 1416 2259 576 2405 395 1481 1706 816 2225 50 2412 2038 2117 689 2439 327 1081 452 987 1037 361 871 2693 252 2881 2151 1741 860 1340 2078 513 719 746 2015 2273 2528 507 1709 463 691 229 76 2006 1140 2388 183 1812 934 1 1270 684 1414 769 768 699 459 2755 56 1447 1097 2418 1143 1806 2238 1136 590 949 1538 1540 763 1804 1260 1070 2381 60 1435 1736 2953 460 1701 2058 1430 2053 2850 2621 2941 945 1272 1141 1486 2279 169 1294 1793 2826 2643 2182 218 560 1685 2526 1580 487 1420 1215 13 2831 2558 2566 2467 2365 2436 880 2967 1830 785 1006 1810 1178 1637 888 2696 1261 1210 1080 2227 2541 633 897 2860 98 2741 1153 353 1509 1339 1103 1541 2488 89 1305 1222 1843 443 503 2706 1359 1787 2925 2356 578 2763 898 2578 2174 2771 1516 1939 2499 1951 2409 2154 2104 1121 2949 1700 2024 2241 2198 1228 1240 1678 2330 2156 861 930 992 1135 545 1262 1748 199 1840 1886 2353 2542 1683 1726 2561 757 33 1688 2065 1432 1681 2819 991 2575 1648 1948 2476 599 1293 2389 654 966 748 2603 1465 1801 976 2807 2480 2840 876 287 1004 1710 383 1325 1753 2866 209 801 1588 821 2377 1101 2096 2478 2716 92 1722 2734 1039 1491 304 1908 1050 2132 2346 2671 11 2368 1169 999 2370 604 2079 1972 1164 2934 1052 1255 1163 1613 2915 321 592 497 1500 896 2709 1510 2896 643 2765 2501 2862 978 2366 188 2612 2565 85 108 2249 518 2011 1239 515 553 124 747 2408 610 644 1114 2685 1234 702 2459 290 573 17 1621 477 1821 272 1201 528 1055 981 1214 2133 1765 476 1525 329 1533 1237 2921 2482 1835 2956 1384 1016 347 2935 2503 1158 1380 969 905 1894 1382 130 2425 612 2487 148 2991 47 2134 1354 1578 1921 1229 2536 686 692 2187 2890 2253 1323 527 253 170 2080 2023 232 1441 2460 451 516 454 2712 2679 1389 1159 1365 1115 940 731 2161 2793 485 2760 180 2250 1663 639 66 103 1120 1687 845 192 670 2406 2549 2604 2204 1084 2171 1066 862 2581 693 421 115 1226 2513 2752 1129 1737 1644 1436 2743 2289 2839 986 2579 139 2926 819 1731 1193 125 266 2942 1532 2402 725 2045 2613 750 988 1393 2461 956 2220 2313 2624 1297 2652 2410 1899 298 2699 38 1259 151 2286 1673 162 2607 737 2655 2738 2932 356 1142 1807 70 2733 1559 1530 662 2784 744 1702 91 1132 1770 2888 242 2352 225 340 2574 377 885 491 2127 2450 5 2300 90 1160 191 2298 1922 2244 428 872 2 69 293 1187 2867 738 752 1553 2022 2012 1577 1023 163 939 228 1567 1065 2999 530 1347 391 1795 1279 2185 2445 1267 714 1669 2623 2035 1088 858 1014 2939 1603 21 1916 2989 569 36 2976 1483 2349 2280 1837 1378 974 559 2331 2588 2551 1764 2142 2075 754 773 1249 1289 1735 254 1738 398 1096 2848 664 2063 1498 2931 2057 676 723 636 2329 1031 2315 1551 74 2164 171 2118 838 1642 211 2497 1676 1596 900 2093 1776 635 1087 1112 2085 892 2977 1604 379 2726 126 2904 1496 1227 350 51 1330 984 1073 1760 2965 1905 496 753 2228 2833 160 2442 2684 2421 2761 882 2572 1008 990 683 2092 2811 2336 855 1188 145 2640 584 2910 1139 335 2619 1829 985 2917 430 1936 1860 641 2590 2812 2562 2838 1299 1489 2235 1813 297 541 2663 2955 2746 65 2598 488 281 316 694 812 2609 499 2651 1900 539 594 2872 2864 2076 1236 836 2153 2569 472 1622 1010 1074 2853 921 1003 2887 522 2798 764 869 2992 787 557 2337 285 2865 402 2437 529 2120 808 143 1278 2139 2586 237 2711 1892 929 903 1826 1932 483 514 2039 1387 1723 2427 2257 238 1815 416 2197 2180 2231 286 1720 2372 889 1889 2312 1450 2453 1831 1949 1825 432 1667 1574 1282 202 1318 334 1872 971 2777 198 1371 601 79 164 552 3 586 848 2952 1207 680 1439 2054 2175 2729 1902 15 2107 468 1756 1850 2630 1808 2851 2830 1264 2620 478 1662 1296 652 439 1051 1028 953 1075 1944 1870 1635 2901 1990 1958 384 135 687 1410 2361 2797 227 759 893 2415 1469 1887 2394 1379 1295 938 617 2026 2714 794 713 1072 760 1316 1247 1385 1606 414 1791 1590 2345 345 596 303 1266 1355 645 1397 2770 1106 579 2188 1252 1082 1148 2036 2591 2147 2401 780 2396 1069 2072 1571 698 2644 818 2060 1422 1400 2788 120 779 381 1564 2059 1759 1707 2101 2522 2391 1357 998 2325 2203 2550 2341 2801 1434 2883 1344 2717 2667 1928 1925 935 424 2762 1079 1758 1283 1592 1704 2014 2287 259 129 745 1100 1767 1602 2037 1598 158 1137 2004 27 650 1677 1579 1917 1912 890 707 1448 166 95 1281 403 1078 1679 1552 258 2399 2744 792 1664 1861 621 2995 1386 660 1033 2283 2855 1849 2083 1064 2500 1956 294 2703 2946 2470 551 34 154 490 2626 1085 1521 2424 71 2248 2097 1250 1508 629 1786 1155 509 492 495 948 2861 708 705 1321 630 173 1982 1789 1199 462 2740 730 1195 1536 2371 301 1945 1154 622 2471 2547 2236 2018 910 203 932 828 1212 1484 2534 1474 331 1202 547 368 2971 1684 1287 150 977 1512 1461 1319 2938 2242 271 2686 2634 841 1172 2747 1929 2028 309 749 997 2945 2611 1377 716 1035 1856 1986 2162 114 822 1473 807 88 102 591 600 1924 1901 534 1394 2033 1182 1151 441 1864 2782 1490 2832 2856 679 78 2251 2602 300 554 1505 2495 2928 884 2195 1814 2094 2189 1369 1690 75 834 2687 598 1616 1048 376 72 6 1442 2975 217 2618 2582 2432 1674 1452 2255 1535 2689 415 2041 820 1001 1995 1047 2994 950 474 2469 2809 2404 1967 1381 926 2841 2159 606 2206 2392 99 1923 1911 2146 212 1790 2677 672 1449 1235 2327 2922 2592 1133 1609 2963 2764 1884 121 2805 196 466 1076 2221 2632 1302 1587 2258 2943 967 1459 410 2964 2568 2616 2176 2149 2570 2966 1660 388 267 837 1429 2288 908 1773 2343 2475 161 500 236 2730 2869 2639 918 2430 1940 444 1000 2893 727 2121 1185 2207 2009 1024 1824 856 2091 1597 1388 2728 469 307 1734 2447 1208 2694 200 465 1695 2909 1880 2202 2533 457 2390 138 1398 2375 802 558 789 1828 2827 2214 795 359 2878 2502 360 479 2385 2355 1974 2407 2126 1071 97 1269 1526 2997 854 1221 245 2292 2168 931 413 278 726 243 2650 458 223 2521 1511 2031 1546 1032 646 2676 475 2209 1018 1458 40 2254 778 2880 2514 1147 1822 42 1775 1286 1170 2294 533 1555 767 2885 565 1617 1930 613 1310 2554 843 1144 2983 1338 219 1277 1363 2089 942 1284 319 2705 186 2573 1419 535 53 118 874 425 1682 1134 1852 1600 1724 1610 1117 2682 1356 1634 1975 282 284 964 2426 715 2435 257 1013 2916 2318 2774 1230 190 2817 311 1517 2452 811 2160 1485 2986 1836 371 2998 2216 2868 2193 2646 2973 1595 2905 291 2395 1175 506 637 2108 255 1969 1730 2724 521 1607 2583 28 1898 2544 2825 1502 2659 1867 2790 1909 868 501 1041 1186 1162 1213 352 2110 2219 480 1025 1376 2898 2148 2474 2779 618 37 1487 2382 2537 2803 2306 2577 1563 968 2172 2601 1197 1818 1022 405 2163 1545 742 2266 2695 156 2472 1150 543 1548 1401 2576 1873 1056 2196 397 1862 2268 1543 1755 1727 295 2464 216 532 2088 2304 2781 195 1608 1036 2194 1104 1244 2376 776 407 1927 1647 181 2332 322 2449 873 2208 575 448 883 1772 1570 107 333 1694 722 2379 1890 1177 52 1437 1463 667 1353 378 1165 2105 2369 546 762 1331 2246 2137 2852 1877 1903 2670 1666 1566 958 1544 2264 2271 1026 2454 2759 1472 61 400 1091 1254 1418 827 19 1184 1620 2082 1611 54 2648 906 82 566 2649 1108 270 1750 583 2987 619 1934 1523 1992 537 1698 1788 1478 2077 2789 249 597 189 2498 732 1383 1005 418 1059 2900 2948 2834 81 1919 1866 2727 902 261 1518 2328 2333 1306 793 870 1248 1464 2456 1752 2326 2100 193 1445 542 2847 634 2974 965 1985 2413 2393 960 1712 844 1963 2523 2658 2102 1183 116 717 2754 894 2431 1811 1584 1020 2087 1492 2179 2731 2837 2758 2414 1978 105 1997 2923 374 1656 772 437 536 1569 2886 1034 2597 2580 1805 587 1298 2218 2951 328 2970 2213 961 2017 1594 1996 2719 2021 1156 703 1581 1166 2419 455 2073 2190 2192 668 2112 525 1174 2835 899 1493 470 1406 1012 1820 39 1124 2647 152 2701 2103 955 48 2842 1093 2957 1524 2783 681 1428 172 1470 1364 1782 881 2680 886 682 2882 914 2178 853 1950 1424 1653 751 2599 605 806 2980 550 2387 337 928 2265 2664 1520 204 357 1102 1633 614 2282 1058 867 2169 2483 106 933 184 1446 781 2511 1968 1324 2669 220 2775 1328 567 1275 2124 701 980 324 2654 2629 1785 1335 1317 1641 2344 1832 761 777 22 2802 1703 1838 1402 2792 1774 185 296 911 1858 2302 153 58 989 2635 2666 638 2046 2140 1537 1612 743 2247 2362 2230 2815 511 433 1471 2993 93 1171 268 2119 367 1211 29 1868 2303 2794 797 2757 1466 675 1336 2359 392 1680 2924 1798 473 1646 1891 1271 1161 2854 653 389 1999 1961 2136 1030 1966 1345 831 1358 508 700 2490 305 205 1556 959 420 2708 2317 1763 975 2071 1781 2099 63 2978 1417 2844 2944 2166 863 1421 2531 666 982 1721 1914 1457 973 364 915 2918 2217 1326 1019 1276 1585 631 1629 2429 1991 1301 341 712 1444 1454 2672 1896 2527 146 31 207 2144 2688 2267 1342 2274 1334 957 1907 1413 2804 669 2559 442 2636 2496 2276 2477 348 369 1893 2596 2050 1920 790 2756 561 2275 572 2422 1038 2510 366 2914 2606 2016 721 2380 1691 2056 1668 704 649 944 1863 248 1053 2766 2008 2348 1194 1769 2539 1732 1527 2084 1501 877 175 1719 1513 2913 735 2512 1751 1313 1506 1273 642 1456 549 913 710 2710 1591 179 2891 35 2473 406 84 2529 1370 2984 1258 1203 2486 603 1403 365 2200 556 2960 1947 197 310 782 2223 2818 2773 2321 1846 338 2675 608 87 677 2947 222 2374 1783 2493 2347 1315 464 852 132 1190 1426 308 2786 358 954 1218 799 1817 323 1885 2718 1971 1675 804 1181 1529 2417 2668 1918 2416 438 2863 523 2243 144 1061 602 394 1113 1981 1206 1232 813 32 733 141 2605 1630 2829 1740 1768 2645 1989 783 2049 2560 2732 2587 791 865 2768 1833 159 1089 2520 385 1589 1784 2519 2237 2524 1973 2338 336 943 434 2873 739 409 2324 2155 923 1468 330 346 2222 1040 1152 1476 1534 142 2281 1507 2919 2001 2720 2552 1352 1845 1204 299 2735 1372 2903 422 2555 2165 1937 1368 1480 2961 221 1933 64 2293 1488 43 2940 1686 80 1542 1531 306 1192 1766 1943 2299 213 2678 44 1670 661 2067 230 786 658 2657 419 241 648 1477 2894 1558 1475 119 2003 1467 2516 96 1762 302 498 1373 1497 317 2936 279 2128 736 2824 2479 147 404 2191 1874 577 429 127 2360 1399 354 2996 1631 2641 994 2005 1015 2808 2030 2638 2725 2697 250 1122 244 2700 1560 1649 740 2633 2929 2186 2367 1350 1351 1225 12 2556 842 1615 215 510 2441 1851 1009 673 445 313 1636 2595 1859 1409 1915 1238 1696 2625 2252 1711 1341 1011 2386 1576 1455 1046 2567 1443 1957 2428 2907 2070 879 2769 1572 2481 1640 372 947 817 2920 1742 10 2800 2507 174 1994 1263 504 996 1173 580 1219 2642 2310 2874 2340 177 2962 2742 1092 593 1168 1332 2090 2821 2000 937 1149 2378 1547 2661 2776 2106 
41 1637 1927 1511 2245 2415 2274 494 931 2478 1315 170 853 2411 864 2405 2432 2855 938 919 1090 2472 56 2711 655 139 1475 2793 1716 2518 404 2130 1751 1428 1317 1387 1140 758 1103 1835 1905 1551 1894 2344 761 2364 903 866 1578 259 2325 2928 2951 2982 270 1925 860 1417 2036 2387 2573 2867 87 2371 1983 823 2940 1389 1238 2770 1247 77 1823 559 1036 1809 1858 434 1041 2627 1548 2149 856 876 329 1031 1572 1212 2872 215 1275 2269 707 1403 1676 1425 857 1754 936 2578 914 1112 529 2236 858 1240 2888 1068 555 1272 1078 468 2410 750 2352 2826 2013 2878 1070 1255 1557 257 108 2165 444 1035 2372 1841 832 1978 280 2490 324 2014 737 1349 2232 2408 607 413 1741 2116 861 443 1339 2333 86 2191 2283 944 2068 910 2123 1409 2057 2608 2263 647 339 766 2685 183 2606 2407 1575 210 473 1094 1419 2658 692 1996 1262 543 2076 2719 1817 406 1345 1768 1152 1770 612 327 1727 49 1324 2087 1143 301 746 1081 1327 2773 1531 275 1108 2563 352 2542 295 708 1750 1981 289 1692 575 2290 66 2342 2612 1790 2758 2653 408 1597 2603 1970 1500 1703 2437 915 119 773 191 688 2809 204 2240 2309 2621 2756 2582 947 1443 219 256 891 1391 606 2539 658 2045 2349 486 240 1763 928 1092 412 2512 2285 2302 241 2698 144 1783 904 2442 2972 793 476 472 1288 734 416 1266 161 2508 157 2707 2256 2495 2880 52 1524 97 2497 1133 884 92 2777 277 262 2409 2088 1155 703 2989 2358 1566 14 2397 2525 726 1161 2229 996 1795 2873 664 1466 1563 1607 2875 2763 1263 960 1144 2587 292 757 1095 1001 2112 62 1965 1797 528 1384 202 441 1945 40 181 1561 250 1913 2637 2093 2444 2233 2831 390 1057 1862 2768 2253 1585 418 2196 225 1313 2754 2628 445 1944 126 1480 1191 1162 2567 1822 1121 1504 1733 480 200 1187 2734 2845 1311 2962 2949 1666 881 2169 70 123 2579 1887 1787 2099 2469 2360 2400 405 1853 1282 2096 2828 169 2007 2370 2244 852 899 1651 2946 582 1709 2728 2075 890 1157 1024 274 1132 2561 177 2819 2427 1490 2141 1481 1040 772 1235 626 897 752 2306 2425 67 99 1681 2871 820 1360 482 1612 2935 532 2355 2615 1231 2042 8 2530 73 760 2916 293 1603 1658 168 640 1755 2727 456 1777 2543 1785 933 1884 770 1842 2533 2964 1368 1522 28 2374 786 2350 396 2143 1868 348 2840 1805 535 2252 381 2920 1702 1219 2664 1164 801 684 1765 1659 2996 2736 2680 39 75 1861 1849 2015 1003 571 80 2519 2925 2545 2448 427 135 798 885 2338 827 2805 2895 2287 2376 2988 1914 158 232 1093 260 449 218 2359 1773 1772 1426 1278 2177 2340 1005 1271 216 1969 2841 2952 1486 2204 2682 2159 1295 2879 1100 2577 1385 2810 460 1055 2073 1991 1156 2977 2961 646 1257 205 285 2453 972 979 1855 654 1316 2997 1134 2701 2449 596 1694 1402 1698 2484 611 2298 751 203 1951 989 2778 1030 1550 1209 1843 398 1801 72 2541 2106 2300 791 194 2214 569 1285 2569 2986 1454 849 291 363 1014 2237 349 2552 593 1972 308 724 1647 1441 1963 1601 1436 2859 74 1107 2160 1876 2521 326 1588 2527 788 54 1214 1660 701 2820 2368 1151 2610 940 602 124 2404 1145 2195 1740 1537 1507 1294 592 1224 2008 639 2806 1931 1430 61 2671 117 1127 653 2811 2215 603 706 2111 2652 2354 894 1211 399 1488 1439 1322 991 2225 1775 1813 2307 817 2991 2301 2651 984 2933 699 1573 353 920 403 2242 420 1865 683 929 1459 2537 435 594 2657 2516 452 2596 1685 862 2031 2398 2393 190 2018 2323 1672 96 1734 1158 296 1343 1154 1062 829 917 198 1186 1723 2528 370 508 1453 2158 2292 2721 1445 2900 1125 1919 1706 1386 354 206 22 1982 1177 247 2868 2865 2785 317 2764 17 294 2885 1268 1693 1942 1089 2277 1643 2672 1826 2509 2488 2844 533 2947 2794 1812 1008 1503 2059 2803 1292 475 2585 2643 1749 935 5 2271 467 10 2207 2424 2392 156 1256 2644 2757 507 50 1248 2049 722 2248 957 2524 2394 1122 749 985 2948 2913 2730 1988 621 47 1638 1725 624 382 2223 501 993 2297 687 423 1632 1946 643 430 2717 1762 2061 1590 2822 2914 690 1451 252 2190 1870 2138 417 2421 723 1794 778 1037 1747 391 1682 2496 536 1635 2262 1477 2798 1365 300 1621 1359 1274 1083 1027 322 1091 2185 2124 869 953 103 1023 1767 581 1867 763 2170 2034 958 1341 255 2602 1704 101 495 414 2308 745 2102 2137 125 1198 908 2741 913 2458 2511 1338 1700 1943 1380 1687 557 2564 2795 2074 1798 1497 2750 333 599 1955 1878 1525 714 48 1571 733 1589 916 93 1595 2084 1464 2182 2839 1792 2504 1737 873 2912 556 1220 822 1888 1467 1111 409 1362 883 1952 1087 1533 2148 2796 2348 214 11 2861 2581 375 2089 195 693 276 2146 630 634 2482 848 1118 253 152 1342 2418 713 656 1608 1456 2117 13 2765 1084 2201 2090 1780 1053 1554 1435 2314 350 2310 966 2599 1371 2782 2755 2648 550 1139 2208 2938 2362 2851 1229 2849 828 2051 235 2802 2808 1376 246 1218 622 2037 474 728 2747 2052 372 109 261 1520 1614 82 1644 2243 911 2823 682 1719 2752 2069 1105 685 609 2769 2670 1061 487 1194 871 2590 2383 1270 1544 1305 1085 2047 2481 759 15 831 1287 258 2455 1493 923 2048 1167 505 1071 777 1807 2780 491 1388 402 2184 2891 1059 1598 265 286 2304 2797 231 2641 1075 804 1958 650 878 2326 2932 666 1570 2291 771 1558 266 127 1147 1968 1245 1471 2663 1752 2428 600 994 337 1146 686 1834 1054 393 131 660 2260 307 1630 2005 2416 2241 1964 1730 987 238 2335 671 2281 234 1505 1864 211 561 2389 1120 2781 2322 1593 2238 2864 1634 2107 2718 615 962 1844 573 1532 990 1771 802 110 1917 2955 1496 2818 694 743 76 937 2234 1891 282 2343 735 1017 580 1724 2702 438 2650 2705 789 360 2441 1124 175 1329 1207 2167 553 176 1109 667 965 1788 2745 563 1818 493 1933 2265 2320 2329 1538 2456 2414 522 1665 787 2714 748 499 160 843 1259 395 1736 1296 2546 2893 342 143 1303 1029 2635 730 1128 27 968 2273 2655 2636 1020 691 330 1528 2038 189 1379 1501 359 2153 1361 886 2487 2433 1254 2058 613 365 2388 1953 2363 1193 436 150 1058 2475 1249 1077 140 1173 2502 83 959 2876 2732 837 1307 1852 515 1542 2640 1633 2904 1722 2784 525 442 1576 2216 1908 1553 1323 2361 141 116 490 1063 1223 1178 2164 1926 2027 1519 2097 478 263 1050 2108 1000 2312 1355 2520 106 2939 1006 744 267 401 1320 36 16 459 889 1356 2565 1039 2279 2321 961 999 670 2959 1434 45 12 426 2712 1312 1113 1782 642 465 1663 2091 2616 9 1056 2622 841 1082 2172 1344 1123 877 2923 912 1555 1604 2929 2479 2024 811 542 1309 35 2505 2435 591 1400 1241 1470 1334 2324 1184 1073 248 2695 1450 346 1690 803 2540 1405 1065 386 1679 2911 2003 1937 209 2976 1462 1299 1404 1606 604 2553 1168 1993 715 1910 976 1745 2021 1130 2936 1019 264 2460 695 1560 725 2858 842 2188 2317 721 1160 2607 585 652 980 1543 1831 1596 2282 1540 122 2128 651 846 1619 1776 2412 2382 1711 1684 102 2080 2783 1370 546 974 118 2365 2105 2570 2457 1810 129 389 2791 826 2901 425 963 1328 2378 2620 1444 2846 1465 78 147 1586 453 1605 2095 2835 2476 795 1234 2746 2319 1066 1300 2735 601 1099 2193 1514 2759 1204 2941 2922 485 1599 32 709 1541 840 597 2919 2227 2787 2154 608 2761 2990 1153 1671 616 830 1556 2522 151 1051 2723 2574 2816 1423 338 662 2155 945 551 971 779 835 2299 2086 1358 369 1971 278 2887 2945 2313 825 2473 1129 2500 2328 1021 2967 659 1954 1026 2743 367 37 1290 2600 1357 2847 1559 1918 1373 900 1150 1079 1779 1472 1392 305 1067 698 477 2258 661 2194 2136 2870 2771 1791 1683 747 1408 981 1351 2384 1530 1335 808 2984 439 2562 1675 1617 2703 2838 1624 243 1076 461 2175 1200 2709 2391 2145 2660 488 2231 586 1869 805 2162 2369 2498 513 38 1382 411 792 547 623 1337 221 1728 2659 1650 1986 1352 1011 1410 2053 2071 2532 2866 1654 245 1348 2203 514 1080 797 2666 2739 2694 2697 2588 224 1726 2461 2192 1264 457 1469 1009 570 320 834 1280 2677 25 63 2994 2119 2762 518 1183 343 2357 2180 113 2332 631 325 1374 2853 1487 2591 1549 2684 2834 1478 943 29 892 2634 1517 2915 217 833 2251 2674 1957 34 448 888 1738 199 318 2969 2515 2092 2523 1799 2586 2852 2751 1461 437 887 739 1984 2345 2134 880 548 220 1950 81 1613 1492 2725 2779 1331 2454 46 2235 2789 1418 2353 2749 2571 1920 1832 356 893 1210 1718 519 2020 948 780 2413 2886 166 2114 1166 2016 2626 1863 1298 986 1136 1975 954 1047 1979 355 578 2176 2275 587 1225 1088 2305 98 68 242 213 1215 1664 1319 1318 392 537 1729 988 2995 142 21 268 2377 955 64 1568 1010 2679 2902 676 2249 1013 1244 2531 1623 2294 2549 2775 1829 767 2431 19 628 2132 165 2813 867 1415 1515 1781 1421 2450 2070 1579 2551 850 1281 1879 2466 2668 1424 120 799 2198 764 2230 2526 2390 1717 2572 1044 512 1529 619 357 1273 697 2899 1117 1196 813 2465 2737 2330 2896 1985 635 1766 2151 2517 2589 794 1432 310 332 1237 1626 2910 1482 1314 610 1431 816 696 1921 539 379 2385 774 521 312 2339 1383 1898 2611 59 1620 949 712 1261 1175 2213 1332 1756 1437 133 2558 669 504 583 2975 2464 939 775 2334 2669 2220 1989 1521 44 2077 1731 1786 562 1627 1739 2286 2738 1915 753 251 806 1764 311 1 665 2883 942 531 134 2485 2595 31 736 523 1587 2250 26 1180 1793 1222 2423 1646 470 598 973 1101 2897 112 1015 2463 2548 1900 844 641 620 1956 2079 2667 1677 290 2830 2081 1048 2023 2905 121 809 898 1069 1438 1877 2373 1715 1757 901 2178 1896 2267 2957 2186 1171 1148 851 524 1674 400 636 1033 1641 57 2403 2807 2742 2639 228 1912 2978 2534 1851 1846 627 1004 1509 2713 249 1032 2336 1138 2963 481 1440 1239 1889 1936 1447 2744 58 818 1778 2575 1893 2676 2980 498 2022 2446 2197 23 2171 2544 2645 776 1460 1565 927 2598 1526 1885 172 2103 1446 740 907 1948 315 366 2085 184 2270 2055 502 1814 1221 1340 673 568 2139 506 299 2224 2908 1994 1708 552 1899 925 2239 863 1233 632 2557 2346 230 2662 2799 1584 2856 2181 2733 500 207 1350 1433 1429 2199 347 648 2597 997 2774 567 197 1774 2436 1518 1547 872 2311 882 1845 33 1645 1629 2040 136 20 2874 89 1508 2494 946 2971 2001 2726 1258 1808 1252 179 2098 2443 2623 2375 1924 1250 2691 1394 2217 1202 2399 2152 336 2367 431 1935 1174 2295 2720 2921 2009 378 1413 1045 1097 1213 497 1208 2062 663 2462 2638 383 1308 1987 463 865 2857 2576 174 2122 1074 1536 2843 584 1354 148 2189 1820 1890 2131 2619 2259 53 1830 2438 1806 2125 1363 2529 2675 1397 114 2150 845 362 785 2366 2966 2968 1720 2688 1628 2892 1442 440 345 3000 1928 1759 854 560 2729 2722 2168 2832 458 208 1176 2998 2898 385 2632 2700 1840 145 2624 2173 2792 657 644 492 1903 1474 212 2647 1498 538 1859 1860 1833 1304 489 2315 334 1824 534 2156 2110 2026 2501 1242 741 1401 1906 2890 1761 1142 1141 1489 2257 1372 95 2687 704 2716 387 432 380 1999 85 681 1689 2210 2863 1495 2943 1732 306 1562 731 1002 7 2649 874 111 2706 836 2140 2882 1748 2142 625 358 1412 1930 1639 672 1886 1236 1819 2356 374 2568 2351 1516 1512 361 1463 2877 1856 810 1642 1872 2956 2493 977 2419 762 572 2029 1947 304 2120 2004 376 769 1137 839 2617 2594 1046 1705 520 2506 1713 755 1897 1064 1922 1695 1228 2379 2 1661 1848 2246 2631 162 875 1232 1758 2815 2618 1974 732 1934 605 341 1649 496 479 2766 323 1992 2740 1301 1375 1279 637 451 956 1995 554 1523 1473 2812 2064 137 896 2999 428 1284 2209 1499 466 2266 3 1929 1022 421 2147 895 517 2082 271 1269 1325 2280 1510 1800 1923 24 2884 2054 2862 1330 288 1802 1796 649 614 1997 2144 2630 2801 1602 2790 2012 2566 2804 2981 617 1395 1581 941 2219 2396 2748 1545 576 527 2434 2656 2019 1276 1909 269 1159 1406 679 2788 1866 2776 1580 447 2104 1513 1803 94 800 1052 1811 2983 1115 1691 226 2944 2135 2480 1881 1735 483 2854 1960 1583 1655 182 2715 2127 1907 1277 1959 1468 237 921 717 2000 590 1185 388 1195 229 1479 2704 1267 1060 992 1769 1072 1182 1838 1283 1552 6 1656 407 1847 297 1669 1611 2686 541 952 1126 765 1364 2006 1310 2126 2422 2347 633 2296 2316 2918 71 2430 1535 1625 784 1346 754 2341 1246 1836 558 335 2708 705 2654 223 130 368 2187 1618 313 1201 1760 188 1825 2066 1916 2202 2471 1714 565 185 2157 279 2445 2673 1114 2011 1457 1600 2556 192 321 107 1707 328 254 1297 2965 1170 2554 2665 1636 1189 2837 193 950 2507 1106 2950 2689 934 55 595 2212 2206 855 2035 455 1028 1539 2559 2083 1837 1452 2218 2829 1746 909 1873 314 1502 171 821 1940 2681 2289 1567 847 1306 926 2678 1491 964 1648 1260 2183 1821 132 1038 1199 2683 1670 1399 564 201 302 1265 43 2824 2205 819 2958 450 2772 1882 196 2288 1179 2261 2836 88 397 154 1494 719 1697 2063 2440 2386 2380 2255 1336 1850 2690 1976 1701 2254 1564 164 1049 790 244 870 2406 1892 2825 978 2179 2115 1696 1966 1293 782 2002 742 511 1286 2276 239 544 1165 272 187 149 2318 1042 2693 2331 1678 283 2593 2954 1110 629 2113 1938 2907 1190 1901 1839 433 1396 1874 2513 1631 1871 1980 1102 309 138 1962 2633 577 1188 510 1407 422 60 930 588 2489 967 1366 796 2017 1652 729 371 2609 1104 2786 2821 1291 2842 2118 2028 319 970 2903 2395 2917 2613 100 1610 1577 638 1977 1789 298 1326 155 2100 2592 1018 1998 1149 1667 1393 727 2555 1086 675 1226 951 159 1753 2491 167 1904 1527 2228 1815 1251 922 2094 2211 2503 1448 975 1420 1414 2043 1680 720 1640 180 2970 2402 2039 2604 932 2033 2381 2753 222 384 104 2163 1828 1353 153 2426 2161 364 2814 30 316 1591 812 1592 2166 1012 51 1206 2056 807 1973 2661 566 1949 1458 2850 1699 718 2025 2930 1616 645 902 2452 2848 2860 1712 1816 1398 677 2614 303 674 128 2468 2927 115 2869 1302 2942 1895 549 768 2931 1230 1615 1569 2483 2222 344 146 2278 1253 2992 1192 419 1181 998 340 1574 815 1227 1686 2284 2724 1216 1883 2800 918 530 469 373 2272 1096 2474 2710 2646 424 173 2030 1534 1653 1205 2200 2337 1422 1484 1416 178 415 1163 589 2477 2699 995 2953 2881 503 2692 446 781 1169 526 783 982 2264 2960 2174 2121 2109 1449 1506 2467 905 1784 1016 1390 1116 2974 838 2601 1043 1485 1743 1347 1804 273 1911 1609 689 756 2327 84 462 1378 2827 1321 69 1289 711 163 1875 2065 2906 1243 429 1668 1135 1131 1902 2625 1025 2060 2909 540 2536 65 1381 2247 1546 2535 2584 2486 668 2492 2499 79 2696 2447 42 351 924 2580 1594 2429 2268 236 484 377 1967 1582 1119 1742 2067 859 2133 906 1369 700 2926 2934 2101 1961 2833 2044 738 1710 545 2293 618 1427 678 2221 2973 233 1377 1939 1827 1007 2510 1455 2050 2303 471 454 227 394 186 18 579 105 1367 2547 1854 2401 2894 2041 680 1744 2767 2072 1990 1688 2470 1034 1098 2129 1203 702 574 2439 2417 879 331 464 2538 284 1333 1880 4 2979 2985 1197 2550 1657 1217 969 516 2987 1673 716 1941 2078 824 814 1483 2817 91 281 90 1411 2993 2451 2420 2046 2889 2629 983 2032 1476 1172 509 1622 2010 2514 410 1721 868 2937 287 2924 2226 1857 1662 2583 2560 710 2760 2731 2605 1932 2459 2642 
3364 345 467 4058 2966 2389 3518 4491 818 1494 2444 3918 2308 1939 3713 358 1322 3708 2833 4816 3486 4699 3734 1412 81 4748 2731 585 2986 4844 2356 2 1972 4649 693 80 220 1603 4889 1256 4542 3064 3939 1788 1885 1684 86 763 3584 3585 4533 3778 4919 3968 3998 3063 2387 826 3825 4955 3087 2025 3511 4122 4390 3723 3456 619 1656 156 1802 2218 3488 1724 3103 4183 499 920 654 379 2590 1747 4201 3295 2797 3768 2788 3308 4841 4289 1098 3564 2656 3819 2769 1261 2860 1935 2813 1690 4525 1171 1445 2662 958 395 2437 815 3774 579 571 3742 2085 3154 1080 4479 1655 2400 2561 1142 2877 3110 4221 1193 4581 647 2562 3977 3960 3322 2694 522 141 3943 2452 2792 885 1527 4257 4562 1343 360 4073 1359 3741 4432 1953 2959 4793 4590 2693 3525 4870 2491 2207 2559 2767 4727 4051 1331 796 2003 3509 1608 3751 4830 1036 3926 2250 4790 1397 557 4350 4520 4311 3375 1435 635 3558 1301 790 4810 435 2885 4017 2382 4702 3724 1050 4633 2502 3079 1925 524 4521 2271 3663 4393 4243 1186 3054 1296 2383 3642 3775 1226 3399 1574 2136 3231 4422 3801 4641 4943 4572 3060 3850 3042 750 3419 1567 904 3249 2131 4336 3770 2878 2955 1523 8 4476 704 1337 1030 4545 2361 4309 3645 1115 3389 2212 1374 2612 1839 934 285 3715 2375 2999 636 245 4008 105 3544 1430 4264 3243 755 4857 562 244 4402 2982 3890 1185 387 3671 2641 1446 2242 3100 69 2715 252 1364 4933 3854 2531 2326 3522 3194 4678 303 1116 4396 479 1884 4054 1775 2267 752 1064 959 115 4410 2133 936 4797 3639 820 2931 902 1314 1148 863 4763 2057 1616 201 1037 2416 1423 3861 1642 792 178 3097 3533 4131 3293 1667 4773 2059 2818 206 2651 2041 1589 3043 4154 481 1586 4456 2167 565 2476 1059 4090 4256 1981 2432 867 2916 3711 4537 1728 1985 545 1774 873 4436 3694 4166 3283 1212 4619 1453 3156 4155 2193 1686 3381 3520 2677 2557 1979 2575 3773 1396 452 3534 1969 3849 3552 607 3668 3605 444 501 2699 1749 896 2637 4899 1717 3340 584 1673 4489 2707 333 1451 312 3730 2002 2883 3894 3317 2247 66 3457 1215 4332 4559 3769 119 2367 3834 864 489 4120 3016 3321 2499 4290 131 4223 246 3821 1729 3959 2872 377 1350 638 1504 2534 2285 2492 3128 4961 4308 1238 4235 326 2142 4353 4880 508 3851 1881 3311 2727 2659 2733 1598 4640 1306 2639 510 3319 4757 3386 4457 1560 4971 4036 84 2808 1344 271 3113 4701 4638 2185 4174 2759 1886 4508 581 2889 3391 347 2135 4179 3255 4531 2893 2465 3034 1069 2317 1175 907 3324 3241 591 2304 3914 4931 963 1998 511 846 3981 15 1731 1174 34 2558 2864 228 1300 4818 1543 26 2501 3686 2761 908 324 2688 2180 1016 4314 1072 3482 3497 3755 2620 2645 4983 4549 3667 688 2380 4452 1452 3272 96 1923 3291 1827 3210 3304 2420 2593 2560 2060 4013 1427 4487 4232 1336 1114 3499 2404 608 3937 2443 2588 789 610 4695 1581 4859 605 1141 388 903 1599 3151 1488 1996 931 1324 2348 541 2264 45 2022 4363 3111 3380 255 937 2652 4966 3216 1062 2386 3695 394 3218 446 4958 851 3115 2282 724 2638 2784 1031 4693 3991 1716 4016 4872 3633 332 432 3022 4788 1027 2150 2390 4655 3179 2335 4657 526 1218 4652 4893 3627 85 3512 385 2303 346 2944 3907 4694 1146 3973 4129 176 453 3337 2950 4418 161 3006 3612 1869 4517 733 3184 2855 2642 3507 2790 1688 1714 500 935 1173 2477 2685 4037 4755 999 3385 3254 1544 822 2555 2910 4250 2265 3303 4278 4610 3838 1635 1340 1497 1937 948 4248 1393 549 2307 3515 2337 2163 3891 3262 496 2077 2674 348 528 4802 1744 4798 57 241 840 3659 2738 4274 2435 3251 12 2825 3246 2417 2312 1852 39 4754 4650 37 1613 1260 558 3813 4182 4030 852 3010 1704 4596 3828 423 4538 3001 918 1157 3152 1658 2344 2852 1329 4976 4180 4645 810 1100 1721 1387 202 2751 4228 2449 366 957 277 777 2803 1243 2897 2015 583 1553 2718 4661 1871 1233 1491 3857 3423 3915 112 2306 744 3539 3187 152 3839 3444 3390 915 3798 4628 4080 2052 3945 3468 4104 674 4254 1065 3898 1899 696 1833 3592 2276 2091 1618 4392 2397 1752 770 383 2571 3846 758 2773 4547 4671 1155 4416 2977 219 1846 3616 4159 2703 207 478 3750 2216 1083 4057 603 3197 4912 3219 4077 3433 1035 46 4639 1930 2278 2895 2617 43 2766 3245 2713 2849 3826 4142 3729 3948 569 2006 4800 2036 2970 4329 2542 3334 4472 2016 4689 301 183 1302 2046 3555 1311 829 3556 2251 1695 406 103 3352 3313 2785 592 848 4968 4519 653 4105 129 1745 3229 645 3318 2577 2370 1454 367 1436 2597 199 4622 2739 3235 145 2222 418 1732 2636 2080 3459 4860 630 841 262 1617 108 274 3640 3613 1390 2422 2236 1932 700 531 4984 2719 4156 4614 1126 4096 1903 2331 3306 4864 1061 1636 2487 2755 4379 1204 3169 4805 1828 4269 1641 1404 839 4149 1353 3738 1980 2291 2791 1060 1911 2146 4177 1319 3649 2053 3378 973 2533 2129 138 2232 1920 1187 4778 2847 1947 417 321 2151 20 795 1556 2088 135 4584 1594 4433 3634 4442 4996 4752 3400 1657 543 3124 3436 2120 4503 2078 3445 353 3372 2926 2691 741 731 2756 3506 2252 2564 1680 2462 1933 716 2214 798 3934 3431 473 4728 3449 3858 2309 4465 1181 1887 4210 2702 4565 4299 2903 3957 1373 434 4616 4175 1223 1703 3208 3528 157 609 3561 475 1178 1575 1313 977 2613 1263 1006 1460 4516 1264 2934 4884 551 2967 1572 1391 3513 3609 3228 4316 3490 4940 1165 2226 210 363 3731 4268 4571 4356 448 672 2704 1921 4839 3068 1270 3382 613 507 1992 2695 4398 2993 2985 505 2979 3549 4942 2995 1242 1843 1456 4087 1549 3920 2098 1405 670 2530 4188 4806 4222 3379 166 3568 4554 3832 4602 4962 2834 1153 1107 97 3332 1942 4070 4409 2663 4561 2358 1194 1649 2191 248 2172 29 1133 3976 2824 1532 3268 280 2418 4255 1144 4209 2166 2430 128 4982 2828 4009 3679 1512 284 1298 2376 1402 3646 1991 540 3777 2591 1990 1376 2607 3441 3298 668 1468 720 1795 816 4593 1943 67 374 2161 127 400 4807 4731 4812 3178 994 4028 4907 4723 1045 238 1558 4042 3875 1585 2854 974 4745 458 1516 1441 4825 559 3394 3955 1877 1117 1836 2914 1284 1844 1015 3879 4358 1159 58 4767 2696 1275 184 2479 3343 1973 4617 4890 804 341 1086 3656 3167 3416 4601 302 1569 4069 4894 4935 2498 4434 1459 3800 1968 648 4613 4046 2107 2017 1096 3215 553 4999 4553 2503 2393 2605 1861 2398 2984 1984 3514 785 1024 1247 2447 856 4284 3521 2429 290 3353 2929 3374 2407 883 4574 836 1611 1358 3587 1500 25 3425 2750 3121 2284 2018 3607 4193 809 749 738 2388 4736 2676 2068 3405 1912 1787 4076 3841 1685 484 2664 4732 3883 4146 1493 1437 662 2830 2333 3494 2062 1522 4127 2601 2118 300 3753 3448 1557 1011 627 1955 3222 2043 1365 1471 247 1743 812 3359 4458 503 2863 2082 3763 92 2517 4341 4253 7 3408 1838 582 4715 3446 561 1469 927 4318 390 1345 4026 2566 398 1326 2021 4980 4002 49 4992 2812 214 1536 665 868 1723 2549 3413 981 4566 4068 4651 2141 4439 4310 2956 3562 533 1198 4850 4296 870 4922 775 1967 4446 1140 3027 3780 3186 954 900 1741 542 1540 2106 1813 1040 2257 1369 253 2162 429 3806 2042 3508 1375 2125 1779 2219 4944 117 4577 3719 438 1841 3721 1401 3904 204 1007 3147 1432 4421 4368 3954 1318 842 1789 1066 1797 4093 1032 664 4203 1360 1555 1952 3571 3675 1639 4809 3252 4072 4758 2047 3038 2817 3886 3647 18 4952 2083 342 3531 362 3287 3430 3078 1679 1825 2706 928 203 468 465 4307 4271 4468 548 732 3630 588 3301 2658 2682 1385 4360 1490 4007 1913 1307 1125 880 3868 3550 1505 1489 3330 4000 4594 409 1009 1595 3363 3830 2835 858 4081 4535 3450 2061 1702 3621 3677 982 3475 4075 149 2774 4276 2023 1276 4023 1290 495 2717 547 2965 2056 2075 3516 4496 4385 4425 1801 778 3859 275 3906 3994 3440 4735 1415 3148 4950 1400 1986 4560 1289 4838 162 620 1042 3595 1763 2127 2681 1088 601 2197 1900 1547 2448 3865 4454 32 3702 1715 715 1971 1799 1000 4003 1718 4483 4804 3083 1466 4930 4466 676 2544 1461 142 370 578 4592 1559 1604 677 3072 3030 4471 2221 323 747 2440 3840 2973 4366 3058 853 4548 1214 2115 3277 1854 2374 2202 2661 857 1951 1386 3878 2349 1038 365 3925 4118 3052 2723 1492 2714 3143 3044 3874 3011 1675 1099 1537 4279 975 4184 3479 2630 1510 1959 2140 1316 4713 1847 813 2599 1028 1563 1946 2904 2302 459 4014 4220 3484 1422 1104 3221 1696 2600 4435 2000 2725 2796 4019 4202 4281 3867 4925 177 310 3737 90 222 1864 1857 2439 2165 2901 3796 4107 2946 4359 4776 306 3055 1759 3233 3067 1043 472 3884 4497 1455 3974 891 658 4915 4528 355 2884 1084 527 4597 1897 1674 3682 2273 4438 4383 4055 1101 2886 2103 4190 335 761 3091 3442 1071 2450 2421 835 3924 739 3975 450 59 2297 3999 4997 4985 2049 3090 4084 4882 3377 1447 2084 1910 2149 2923 3951 3396 164 4092 2029 1152 2820 4039 2299 4709 4846 966 2806 2072 1428 4191 2994 1201 2117 626 2011 314 2692 4656 4342 91 3461 4786 2081 1108 3700 1268 1840 938 4453 1587 1653 2938 2746 1824 4780 3574 266 4823 1367 3149 3707 3614 3225 2266 4938 3023 1085 2775 3463 4064 3199 2538 477 2134 3905 3589 1480 2174 3802 2672 2350 2121 689 2753 3214 536 3428 3250 3812 21 2401 4406 4386 3081 686 4775 2377 832 1769 3703 1230 143 3453 3061 1506 4686 4226 681 827 4993 2461 2734 4144 2971 4879 719 3759 4047 1039 191 4447 4005 754 2961 1793 2234 4369 2229 99 1237 322 48 1691 4917 1806 3685 70 482 1918 1162 2419 3690 1554 4636 4328 3502 488 250 471 4192 640 3873 2243 1274 2831 2438 1012 2096 2735 3783 3125 4374 36 4006 710 3650 2586 3474 4588 3583 4234 728 568 4449 4876 673 1582 2748 2869 3809 3847 1334 4782 4974 1807 3628 4595 2541 4400 3705 2123 3305 2737 3176 414 2876 464 2618 415 4544 2865 4522 384 1663 4082 3791 4171 3270 2270 2486 4977 1113 1479 2066 4607 1023 4506 1822 3876 3059 1361 644 3678 3139 2583 257 4091 351 669 537 1240 68 2048 2394 1292 4074 2346 1698 2667 38 4885 2760 821 2415 1916 2433 3263 1524 1629 1513 1739 3466 1901 946 1034 2497 2780 1312 4811 2311 2179 1122 4349 4826 4125 3282 4267 2208 2092 2130 1267 2521 4247 2169 1941 602 226 4100 1842 2213 1368 4618 667 4632 4212 1139 401 1945 2472 2552 634 1330 599 3137 4781 525 3288 1269 4189 4205 4417 2355 2507 42 4995 1570 3504 288 1048 4241 1922 2980 3045 888 3190 3680 1883 2325 3373 594 4766 1411 1199 2705 3523 2962 2700 1464 4770 1607 4346 1081 3182 3965 1591 330 2239 1372 1241 3593 1708 4896 270 408 3637 2579 4111 2609 2351 1661 4505 4815 2660 3346 4251 4168 933 1439 2975 2943 1541 3766 4348 913 943 1180 4692 316 2365 4789 3429 1533 462 4834 3696 2200 3437 2764 1712 2354 2459 3285 4939 4319 443 4833 54 3129 4582 188 1382 3947 4198 1333 4863 2525 4951 2653 2286 430 378 897 4004 1578 150 866 2225 2215 3652 2040 3674 4905 3274 486 1416 4437 192 282 1873 2610 1904 4050 3872 1476 3962 3158 4932 2809 692 1517 132 297 197 3098 721 439 4094 308 4214 3109 1529 4947 1259 4405 3786 743 845 3919 3573 4423 2939 2434 1934 328 801 2138 2184 917 2399 4498 4991 295 186 3328 2616 3093 1970 4725 217 947 225 4716 2949 4011 4883 1225 4138 3818 3053 2230 4481 3181 239 1593 1203 449 2730 1280 2296 1580 1565 1419 506 4367 2851 707 2743 100 4964 4378 2050 3941 4123 735 4321 4510 998 4494 1514 3292 3929 209 3469 3397 3933 997 2981 1666 3745 1530 924 2034 2019 2625 243 1091 905 382 4001 147 3206 437 4526 2332 530 2189 1602 3797 1878 3576 1450 173 329 3358 109 4733 3105 456 886 2858 4853 1650 4627 1209 3362 3877 1733 992 655 2137 1542 198 3472 995 2203 3035 3921 949 2124 3547 2701 2467 711 1644 2900 4217 1659 3908 3195 3398 3365 2919 4743 3300 855 2173 1682 425 519 4675 1958 509 4450 2741 1378 660 3722 3995 1257 4361 2119 3294 1737 1562 4878 3728 2255 3342 980 1129 4197 4099 2765 878 1068 3273 2357 235 824 426 705 433 172 2554 1130 4777 3347 4740 745 3984 4501 988 3412 2529 1073 3683 983 3082 4691 4679 2181 4688 2321 4653 4719 1760 1792 4106 3718 359 1121 1231 3727 1163 2329 4837 4345 3988 122 4612 16 3997 4623 4861 4495 2924 1539 555 4901 1564 498 901 2540 2580 2880 3824 3758 4211 1938 3909 871 3357 1633 4245 2814 2008 2888 1192 492 4604 343 2292 3641 2997 2861 1145 3836 1820 1965 3661 3310 574 1615 179 3807 4579 3454 3267 2178 1213 2340 2801 1383 1482 1442 4338 1771 2627 3956 193 1496 1320 4287 168 2633 4492 4854 319 4010 3410 3157 1211 3409 1079 4963 3644 3805 3795 3286 4207 3922 2028 4370 175 3635 3831 631 4764 3046 1634 656 3202 4112 3350 445 3269 1950 2451 1550 3162 2632 2917 2288 940 368 2336 2873 2720 2673 916 1277 3698 3833 3889 3588 2157 3935 521 3989 3978 4643 504 1304 1620 932 4204 1753 1029 2126 2709 1472 4946 2874 3781 3351 317 373 2576 2484 2100 4756 1338 1890 1623 2622 2598 1420 402 94 1742 3393 268 4022 2298 125 1863 1483 4945 2837 694 1538 1837 1870 3979 3636 1711 3201 4599 4053 1124 590 1606 2262 4273 1228 4687 4178 236 4270 1498 3911 2132 1720 4354 4927 3688 2154 799 4848 3608 895 2832 2272 299 1287 304 4556 1868 1851 4729 2902 124 3312 375 1236 3732 3970 2217 3402 3784 4315 2708 3414 1465 1755 1255 4972 4513 3000 2821 4751 82 2742 3140 101 424 4969 3626 4469 797 1052 2211 1111 4827 624 1631 4424 3465 1444 419 2550 340 2494 2887 3615 2259 4389 4873 3619 4817 1273 3923 3417 3767 1651 1719 930 1161 4819 616 2629 4045 3237 514 4126 2574 2505 4303 1781 3986 4551 4462 3575 4399 4475 4845 4397 3289 3086 1282 1994 1993 2678 3681 1785 4937 4865 3075 589 4119 136 643 3888 3983 3913 3104 2942 1521 1409 956 4373 2175 1047 223 397 4413 1786 3099 1730 4979 952 4591 1102 1855 4139 2795 410 683 1835 3880 3204 1815 2712 1356 1936 273 2209 451 2424 2187 3540 2508 416 4463 2850 1954 4539 4352 3638 4381 633 2231 2665 2862 2035 3863 2469 2827 2906 1944 3496 911 4718 819 3816 4085 4225 1727 4742 2067 4375 2334 1893 3258 2474 3691 4376 682 2602 2496 906 1495 4626 3481 1859 110 4372 2532 4986 4403 2471 1486 4530 2228 1622 1722 899 95 3794 1478 3932 2480 4215 1001 2668 3545 4673 2199 3089 1248 1773 2548 2338 2369 3180 469 2108 98 3095 3325 2867 3480 3692 22 3407 4478 2513 2378 4229 19 4480 3912 174 1672 4401 2038 2690 1713 784 4685 2870 1561 2890 805 4564 4708 2428 3345 4371 4477 2258 4473 2771 3383 1501 4630 2063 2721 2290 231 3051 4444 2186 808 2423 4295 4169 1977 3338 121 3226 3643 2991 4484 756 2293 2976 4631 470 2074 163 3658 376 2829 1033 1457 2147 1317 650 4918 1816 260 4573 4419 4485 3376 1477 1976 2055 123 4730 3565 4881 3356 872 2314 3036 4033 389 3384 4043 4796 4923 1726 1614 612 2987 2327 4990 4062 1545 2206 1630 2111 3725 563 2364 4761 1764 55 1645 1548 4914 4293 1202 4185 407 4760 3596 483 4049 264 3279 2026 3032 2573 4532 4380 3401 4283 2183 200 3326 344 2932 2868 371 3772 614 2594 3271 1205 1371 3116 4301 3492 4887 4322 1590 2996 3560 3127 1767 4672 3173 2794 597 2453 1507 350 3866 3108 4988 2470 4412 2313 1014 3315 4534 4340 1485 4300 3024 4821 3600 910 2341 1352 2823 4040 3810 2295 965 1170 4828 3666 3213 2683 3188 2908 14 1812 4143 779 2490 1137 1349 4840 1291 4018 1132 814 3893 2716 111 476 1089 3510 2339 242 942 4426 4567 3519 4608 190 4445 2804 1983 2164 3665 9 51 854 587 2488 3736 1949 1754 1987 776 1381 230 3144 4956 2898 2624 1095 3701 3260 2810 1087 106 971 4998 2935 642 2539 2807 139 4771 2740 3760 3491 4066 289 939 165 2128 3946 427 1891 320 1850 4343 2039 3648 4720 4101 4768 874 2240 1571 4297 2372 4903 137 3196 1279 3348 3610 3653 4362 4832 1070 3597 3122 2621 3135 3629 3618 3155 1697 2204 3529 573 3726 237 263 1366 1750 3785 1221 1798 4317 2009 929 3432 4795 211 2556 4490 782 632 1179 1002 566 3848 318 3080 393 2581 338 3603 3056 4543 1074 1940 4459 2611 970 1005 1410 1078 4794 877 4808 2990 1862 1646 1974 4164 979 687 4415 1706 2436 4334 4624 978 3938 4529 1776 2391 349 4744 1384 2670 1092 4443 657 3211 4831 4897 2953 2205 151 1652 4024 460 3743 4570 258 4420 4949 2972 279 2253 1845 1253 1849 2413 803 4928 1766 3483 1502 2875 4647 3762 554 4031 628 2283 564 2846 2427 3018 4502 629 1710 695 2896 4025 381 3611 2915 984 56 3787 2274 1408 751 3253 2710 4305 955 140 1425 4609 3842 2246 1647 606 1677 3013 1605 3570 4351 1995 3808 2519 232 2666 3771 2650 4078 1127 1286 828 4097 1962 2493 4474 4635 1701 1819 490 3264 1597 4173 1388 3757 651 2754 4488 1880 2968 3660 2989 4920 4395 2455 4784 4324 77 1189 2054 208 4936 3632 3739 3209 2957 2442 4960 4578 4060 3424 3829 4079 3331 1020 215 3192 1681 3309 1195 3168 1929 4676 1700 1182 3860 748 3420 3756 512 2261 3339 3720 534 2843 586 2644 120 2379 2527 3572 4975 762 3804 2732 3112 3803 224 337 4541 1520 2090 1778 3387 1790 1665 4703 3992 1621 3895 4200 3969 671 291 3040 2841 3567 3278 1448 1272 447 3672 1051 1339 2728 2671 2155 2952 1782 1399 60 2729 1676 3928 678 4186 1168 3159 3845 3265 3323 292 2945 2726 2711 4388 972 1978 675 3438 875 560 296 1341 623 227 3655 3002 1746 3871 4242 2441 3106 2020 3735 3062 3855 2747 2536 4448 1551 3869 35 1308 2891 4219 4700 4041 3037 1418 3406 2925 1576 4511 1325 723 3579 396 1960 1363 4747 2384 3598 925 2584 1805 1467 1299 3175 3012 2587 3557 2777 281 4681 1154 3136 2159 1503 4020 4659 4034 844 3815 4698 4994 1297 3917 3200 577 2606 736 2176 1919 1748 3153 4313 2879 1433 1424 2145 3602 454 2268 1217 1462 4110 413 2024 1463 1351 4646 133 3793 2425 3007 2640 2468 3320 2395 861 1751 2930 1725 71 3503 3788 2110 1866 4181 1426 4291 62 2758 354 1258 890 4667 75 1957 2631 3049 944 4820 3916 1458 727 1612 1907 1 4738 1762 2070 1232 3101 3835 3964 3676 2051 4428 2853 4136 4061 1357 4563 2033 2171 392 3426 1208 4874 4898 3538 2058 2954 968 3077 1018 3697 3716 1518 941 3240 3145 1609 950 1664 4518 2244 1210 4722 4706 2411 3524 4320 4103 2256 4603 4145 1082 3885 2776 2144 4783 4934 4654 4569 1332 153 1600 3259 3096 3712 4648 2289 625 3421 2241 1821 2770 3161 4470 2408 964 4134 3185 3980 3146 4849 4440 1058 1761 4540 4585 2403 684 4325 2177 4902 2922 4900 3594 892 83 2143 3489 2520 1531 2045 4213 2626 2495 2768 1823 753 3297 4772 1229 4238 1167 4665 1244 725 4504 3224 2619 1926 1783 1811 2392 4461 436 4302 4048 2927 148 4083 1626 3316 1443 485 65 2567 4391 3856 4394 2248 4208 742 2647 3530 4467 1894 3134 3790 3837 621 356 1309 1156 3471 4272 618 2330 3982 461 4015 4724 4265 4239 2310 4113 774 729 2592 1403 88 4460 4357 3662 1421 2464 4199 3371 4114 1112 1008 229 134 1271 1648 869 405 4282 1632 3360 2516 766 1687 11 794 4086 1577 2318 497 4384 1172 919 1989 1757 1860 3949 4162 357 278 154 2649 2545 1160 4924 1158 2342 3069 4455 2680 909 3470 114 3748 2410 1281 2936 3256 5 2789 1660 4509 1406 4644 1896 2316 4690 4759 2800 1908 4888 1234 859 2589 391 298 722 2463 2237 3687 1508 4662 4059 1379 3403 4486 1830 4908 3792 502 169 4737 2509 3307 1136 3577 4824 2362 3467 411 513 698 3464 1176 2188 1017 4669 352 3183 4910 1528 3003 1596 600 2005 4344 2007 1438 4741 4298 1252 3747 921 3902 1246 1909 3439 2844 596 2122 4871 2623 3248 1905 218 1808 189 73 305 2196 1683 781 4233 1222 221 837 1699 518 962 4065 1021 1022 3620 4660 2745 3709 3996 893 4236 4150 2210 3247 691 2724 2065 4335 2815 2608 4799 61 3065 2907 185 1128 1670 3993 2182 1662 4089 515 923 2249 2744 491 24 4959 2093 4523 315 78 3017 1625 4170 369 2822 1573 3057 1250 3275 1772 740 3897 622 4906 307 1169 4230 4195 4326 4098 2565 3864 2595 3170 1150 663 1740 3625 2782 2454 2604 4427 1285 2277 1784 986 3092 3133 3606 969 4227 1865 1535 1770 2483 1303 1917 2014 3335 4953 3193 3370 767 2347 1481 463 3967 1293 2287 87 1796 1624 3160 4337 2526 1019 2689 4965 339 3670 876 3799 3604 2319 187 116 3827 4746 3076 4668 4704 4292 2305 1063 2857 466 158 2838 2324 881 2615 1470 1818 196 2596 4957 1736 1004 773 2960 806 480 1473 4147 2192 2076 1449 1106 2859 2763 1164 1627 3485 2736 1592 4414 3473 4304 4829 28 734 2948 3244 2158 167 1643 3404 2105 4682 2224 2396 4266 757 494 2892 4512 3624 1707 843 1342 2322 865 989 4237 3476 4029 3434 313 1525 1579 2940 2563 2320 1546 4246 1321 1474 912 2928 1671 2969 4867 1689 2585 4333 2458 4088 3887 1010 1207 267 4705 2512 2578 4224 3172 3131 3546 1251 47 1889 3990 1200 991 1875 1526 552 2722 4589 1738 4306 4587 4862 2570 4140 1188 4670 2360 10 3085 3415 3239 2198 1583 3050 4621 2156 1235 254 2941 4697 1637 967 1118 1407 4620 89 4331 4158 155 2514 3203 764 72 3212 3368 4606 3142 1041 1283 685 1431 3355 2385 701 2655 3532 2866 1961 1197 3535 2116 1190 2603 40 3257 4387 3388 2686 2912 2679 2104 52 1826 3752 3205 1149 1817 4855 3673 3031 4330 361 3302 3163 3931 1568 615 1832 3020 4499 709 2634 2012 1669 2752 772 41 3862 44 3493 4981 1224 894 1831 2523 2353 1858 3314 1094 3963 1692 641 4558 2482 4555 2323 3005 666 3477 76 3566 1705 4035 961 3478 1323 216 4852 2275 544 3853 4032 4464 1143 3070 4052 1370 3684 706 4970 1206 334 3021 3029 3422 234 3236 3910 2269 768 4347 3843 2426 3953 3754 4734 159 3717 3689 3004 811 113 3443 3586 3500 1183 1362 3761 3361 4263 976 4259 807 3130 850 2160 474 604 3733 3578 529 3336 1765 879 160 493 1049 3553 2778 4404 4176 1056 4430 2871 1076 2515 3366 659 2628 3281 4637 825 2254 2569 4634 1075 293 737 4514 3972 2352 990 3074 3166 74 1879 2974 4550 1640 1758 1848 2412 4674 860 3622 4978 3654 4642 212 1266 4108 4739 922 726 4769 4187 1310 2762 1054 265 3896 194 2553 3617 336 3066 598 2921 2094 3814 1392 4677 23 4895 1734 780 4851 2793 987 2669 3852 4684 1800 1315 3088 703 2543 4552 3107 4904 4288 550 4568 1928 6 2947 2757 2964 3944 1134 4128 1794 4260 386 1355 3164 2328 2460 4327 1534 2805 3811 3232 4814 4836 4583 2235 2988 1398 4133 3817 823 2201 2473 2263 2786 4285 1151 3749 3015 4141 2698 2227 1184 3958 2368 4194 1948 3174 33 4921 1191 3460 1964 3548 3764 2506 2301 593 3669 3261 455 3950 50 364 4196 3563 1982 256 4954 1288 2481 4231 287 3041 2089 884 646 960 1882 3447 1245 4411 1999 4629 639 2069 4875 2114 2819 3582 2013 251 3132 2654 1756 1131 1135 759 3026 4167 538 4364 3165 3119 4765 3296 996 4941 4515 1915 2783 1780 2489 1735 556 3882 576 4 3901 4323 2781 1295 3900 4909 440 2220 2406 3985 4546 3820 4161 3590 2405 272 4929 30 2836 2657 3569 2635 3329 107 4507 1097 1305 3462 2894 760 4218 2073 4785 4027 3327 800 1668 2697 1654 1413 4615 3141 309 3435 2086 1898 2087 2911 833 4252 2500 2260 1440 2294 3118 4726 2112 3930 1105 3341 2102 2881 3266 575 1519 276 914 1791 2279 3455 325 1417 1120 3580 4916 3942 2359 1119 1278 4095 1335 3094 567 580 213 595 4165 2511 2998 261 63 1046 180 269 3776 1395 2371 532 31 3714 1601 3411 3230 1220 831 2992 3543 3710 570 3903 3234 2280 3789 4753 1931 4664 2457 817 889 3664 4115 4891 2978 2223 4407 2194 1997 311 1219 3844 1515 205 1810 3651 862 1177 1694 1327 4160 4206 3047 3418 126 4067 1346 3517 993 769 4866 4355 4774 2168 3071 4710 830 783 327 4151 283 1475 4787 3542 1053 3177 2614 421 4926 2675 2170 546 4835 4598 1892 3551 2431 3501 898 4117 3744 4286 4240 2343 572 2528 2373 2414 516 1249 4451 1093 4987 3936 838 3150 4216 1988 3 3527 1484 195 1888 793 679 4071 786 4711 4280 3191 1262 1414 4365 4056 4911 3899 2097 2064 3881 2233 2848 4339 1067 4856 2402 4102 3198 1914 746 1090 2983 13 442 2504 2238 4625 4063 233 2951 3870 3392 3033 3537 286 3559 1013 4482 118 27 4822 4277 2882 1147 404 523 985 1166 2095 2445 3927 4792 4842 3765 3126 4989 2643 4791 3704 1499 2856 4244 4605 3987 834 3138 1804 2909 53 1895 1902 4275 2466 1867 1963 4680 3014 3048 3223 4441 2920 1829 2937 1588 4172 3369 4779 2363 1956 3354 2568 1265 1906 79 787 1389 661 517 4762 4148 699 1814 3961 2933 1026 2799 1354 1380 2079 3242 847 4586 2845 1552 2366 457 3284 4431 2582 539 1927 4312 3117 714 1216 4714 4429 1709 802 2456 4967 1109 1853 3120 3601 3623 4948 3452 3487 3299 2811 3025 1803 259 2099 4524 2535 3084 171 2190 3349 4913 4749 2648 2478 3892 3395 2010 3367 4877 1110 104 3123 2409 3822 3554 2547 4135 2004 2381 1874 2315 3344 2101 2787 1025 2037 4124 3217 130 3458 849 3536 422 2031 788 4132 4803 431 1693 294 1123 144 3220 3019 1254 4858 2772 652 1856 1924 3290 882 2840 4892 3541 4012 926 2816 3207 331 2918 4377 611 2113 3280 718 4886 4973 2139 4382 240 4493 3008 2524 4580 403 4536 420 487 1584 1834 3238 2300 4611 4663 1678 17 708 4021 2958 3591 428 3009 4249 1975 3276 1434 1809 1876 4258 3699 4600 2148 730 4813 2001 617 4121 2905 4683 2839 4109 2687 887 3102 380 3427 3227 1003 535 3039 1768 717 4696 702 4130 3706 3746 3599 3526 2913 3073 1628 4408 637 945 2749 2152 3971 170 1239 1077 2281 4869 1294 1328 1138 1103 649 3693 2842 2826 2245 2195 1044 2510 2522 4717 2899 2546 2030 2071 4116 1394 2798 1566 4707 93 2044 2446 4261 3966 3657 791 2109 1487 2551 249 3952 1638 1057 4721 3779 2518 771 2475 3740 3940 4527 3782 690 3189 4294 4152 3631 4137 2153 146 399 4153 1347 1348 2345 713 3028 1509 4163 4843 3495 1511 1429 1872 3498 4576 1227 3581 951 1055 680 3823 4575 2572 2963 697 2537 1610 2032 765 3451 4658 412 4868 372 3114 102 1196 2779 4666 5000 4157 4712 1619 4750 64 4038 1377 181 3171 1966 4847 4801 2684 953 3505 4500 4557 3333 520 1777 182 712 2485 2802 441 4262 2027 2646 